5.000000e+01  6.08335863e-24
1.250000e+03  4.75370971e-16
2.450000e+03  5.40365519e-16
3.650000e+03  5.58710772e-16
4.850000e+03  5.66707762e-16
6.050000e+03  5.71005564e-16
7.250000e+03  5.73622857e-16
8.450000e+03  5.75355572e-16
9.650000e+03  5.76573333e-16
1.085000e+04  5.77468433e-16
1.205000e+04  5.78149679e-16
1.325000e+04  5.78682758e-16
1.445000e+04  5.79109433e-16
1.565000e+04  5.79457397e-16
1.685000e+04  5.79745674e-16
1.805000e+04  5.79987722e-16
1.925000e+04  5.80193311e-16
2.045000e+04  5.80369689e-16
2.165000e+04  5.80522340e-16
2.285000e+04  5.80655483e-16
2.405000e+04  5.80772413e-16
2.525000e+04  5.80875740e-16
2.645000e+04  5.80967555e-16
2.765000e+04  5.81049551e-16
2.885000e+04  5.81123115e-16
3.005000e+04  5.81189392e-16
3.125000e+04  5.81249334e-16
3.245000e+04  5.81303740e-16
3.365000e+04  5.81353285e-16
3.485000e+04  5.81398544e-16
3.605000e+04  5.81440005e-16
3.725000e+04  5.81478092e-16
3.845000e+04  5.81513168e-16
3.965000e+04  5.81545549e-16
4.085000e+04  5.81575510e-16
4.205000e+04  5.81603294e-16
4.325000e+04  5.81629111e-16
4.445000e+04  5.81653149e-16
4.565000e+04  5.81675573e-16
4.685000e+04  5.81696529e-16
4.805000e+04  5.81716147e-16
4.925000e+04  5.81734544e-16
5.045000e+04  5.81751824e-16
5.165000e+04  5.81768080e-16
5.285000e+04  5.81783395e-16
5.405000e+04  5.81797846e-16
5.525000e+04  5.81811501e-16
5.645000e+04  5.81824421e-16
5.765000e+04  5.81836661e-16
5.885000e+04  5.81848273e-16
6.005000e+04  5.81859302e-16
6.125000e+04  5.81869790e-16
6.245000e+04  5.81879776e-16
6.365000e+04  5.81889294e-16
6.485000e+04  5.81898377e-16
6.605000e+04  5.81907053e-16
6.725000e+04  5.81915349e-16
6.845000e+04  5.81923290e-16
6.965000e+04  5.81930899e-16
7.085000e+04  5.81938196e-16
7.205000e+04  5.81945201e-16
7.325000e+04  5.81951932e-16
7.445000e+04  5.81958404e-16
7.565000e+04  5.81964633e-16
7.685000e+04  5.81970633e-16
7.805000e+04  5.81976417e-16
7.925000e+04  5.81981997e-16
8.045000e+04  5.81987384e-16
8.165000e+04  5.81992589e-16
8.285000e+04  5.81997622e-16
8.405000e+04  5.82002490e-16
8.525000e+04  5.82007204e-16
8.645000e+04  5.82011770e-16
8.765000e+04  5.82016196e-16
8.885000e+04  5.82020489e-16
9.005000e+04  5.82024656e-16
9.125000e+04  5.82028701e-16
9.245000e+04  5.82032632e-16
9.365000e+04  5.82036453e-16
9.485000e+04  5.82040169e-16
9.605000e+04  5.82043785e-16
9.725000e+04  5.82047306e-16
9.845000e+04  5.82050734e-16
9.965000e+04  5.82054075e-16
1.008500e+05  5.82057332e-16
1.020500e+05  5.82060508e-16
1.032500e+05  5.82063607e-16
1.044500e+05  5.82066632e-16
1.056500e+05  5.82069585e-16
1.068500e+05  5.82072469e-16
1.080500e+05  5.82075287e-16
1.092500e+05  5.82078042e-16
1.104500e+05  5.82080736e-16
1.116500e+05  5.82083370e-16
1.128500e+05  5.82085948e-16
1.140500e+05  5.82088470e-16
1.152500e+05  5.82090939e-16
1.164500e+05  5.82093357e-16
1.176500e+05  5.82095726e-16
1.188500e+05  5.82098046e-16
1.200500e+05  5.82100321e-16
1.212500e+05  5.82102550e-16
1.224500e+05  5.82104735e-16
1.236500e+05  5.82106879e-16
1.248500e+05  5.82108981e-16
1.260500e+05  5.82111044e-16
1.272500e+05  5.82113068e-16
1.284500e+05  5.82115055e-16
1.296500e+05  5.82117006e-16
1.308500e+05  5.82118921e-16
1.320500e+05  5.82120802e-16
1.332500e+05  5.82122649e-16
1.344500e+05  5.82124464e-16
1.356500e+05  5.82126247e-16
1.368500e+05  5.82128000e-16
1.380500e+05  5.82129722e-16
1.392500e+05  5.82131415e-16
1.404500e+05  5.82133080e-16
1.416500e+05  5.82134717e-16
1.428500e+05  5.82136326e-16
1.440500e+05  5.82137909e-16
1.452500e+05  5.82139466e-16
1.464500e+05  5.82140998e-16
1.476500e+05  5.82142505e-16
1.488500e+05  5.82143988e-16
1.500500e+05  5.82145448e-16
1.512500e+05  5.82146884e-16
1.524500e+05  5.82148298e-16
1.536500e+05  5.82149690e-16
1.548500e+05  5.82151060e-16
1.560500e+05  5.82152409e-16
1.572500e+05  5.82153737e-16
1.584500e+05  5.82155045e-16
1.596500e+05  5.82156333e-16
1.608500e+05  5.82157601e-16
1.620500e+05  5.82158851e-16
1.632500e+05  5.82160081e-16
1.644500e+05  5.82161294e-16
1.656500e+05  5.82162488e-16
1.668500e+05  5.82163665e-16
1.680500e+05  5.82164824e-16
1.692500e+05  5.82165966e-16
1.704500e+05  5.82167092e-16
1.716500e+05  5.82168201e-16
1.728500e+05  5.82169294e-16
1.740500e+05  5.82170371e-16
1.752500e+05  5.82171433e-16
1.764500e+05  5.82172480e-16
1.776500e+05  5.82173511e-16
1.788500e+05  5.82174528e-16
1.800500e+05  5.82175530e-16
1.812500e+05  5.82176518e-16
1.824500e+05  5.82177492e-16
1.836500e+05  5.82178452e-16
1.848500e+05  5.82179399e-16
1.860500e+05  5.82180332e-16
1.872500e+05  5.82181253e-16
1.884500e+05  5.82182160e-16
1.896500e+05  5.82183054e-16
1.908500e+05  5.82183937e-16
1.920500e+05  5.82184806e-16
1.932500e+05  5.82185664e-16
1.944500e+05  5.82186510e-16
1.956500e+05  5.82187344e-16
1.968500e+05  5.82188166e-16
1.980500e+05  5.82188977e-16
1.992500e+05  5.82189777e-16
2.004500e+05  5.82190566e-16
2.016500e+05  5.82191344e-16
2.028500e+05  5.82192111e-16
2.040500e+05  5.82192868e-16
2.052500e+05  5.82193614e-16
2.064500e+05  5.82194350e-16
2.076500e+05  5.82195076e-16
2.088500e+05  5.82195792e-16
2.100500e+05  5.82196498e-16
2.112500e+05  5.82197194e-16
2.124500e+05  5.82197881e-16
2.136500e+05  5.82198558e-16
2.148500e+05  5.82199226e-16
2.160500e+05  5.82199885e-16
2.172500e+05  5.82200535e-16
2.184500e+05  5.82201176e-16
2.196500e+05  5.82201808e-16
2.208500e+05  5.82202432e-16
2.220500e+05  5.82203046e-16
2.232500e+05  5.82203653e-16
2.244500e+05  5.82204251e-16
2.256500e+05  5.82204841e-16
2.268500e+05  5.82205423e-16
2.280500e+05  5.82205997e-16
2.292500e+05  5.82206563e-16
2.304500e+05  5.82207121e-16
2.316500e+05  5.82207671e-16
2.328500e+05  5.82208214e-16
2.340500e+05  5.82208750e-16
2.352500e+05  5.82209278e-16
2.364500e+05  5.82209799e-16
2.376500e+05  5.82210312e-16
2.388500e+05  5.82210819e-16
2.400500e+05  5.82211318e-16
2.412500e+05  5.82211811e-16
2.424500e+05  5.82212296e-16
2.436500e+05  5.82212775e-16
2.448500e+05  5.82213247e-16
2.460500e+05  5.82213713e-16
2.472500e+05  5.82214172e-16
2.484500e+05  5.82214625e-16
2.496500e+05  5.82215071e-16
2.508500e+05  5.82215512e-16
2.520500e+05  5.82215946e-16
2.532500e+05  5.82216373e-16
2.544500e+05  5.82216795e-16
2.556500e+05  5.82217211e-16
2.568500e+05  5.82217621e-16
2.580500e+05  5.82218026e-16
2.592500e+05  5.82218424e-16
2.604500e+05  5.82218817e-16
2.616500e+05  5.82219204e-16
2.628500e+05  5.82219586e-16
2.640500e+05  5.82219962e-16
2.652500e+05  5.82220333e-16
2.664500e+05  5.82220699e-16
2.676500e+05  5.82221059e-16
2.688500e+05  5.82221414e-16
2.700500e+05  5.82221764e-16
2.712500e+05  5.82222109e-16
2.724500e+05  5.82222449e-16
2.736500e+05  5.82222784e-16
2.748500e+05  5.82223114e-16
2.760500e+05  5.82223439e-16
2.772500e+05  5.82223760e-16
2.784500e+05  5.82224076e-16
2.796500e+05  5.82224387e-16
2.808500e+05  5.82224693e-16
2.820500e+05  5.82224996e-16
2.832500e+05  5.82225293e-16
2.844500e+05  5.82225586e-16
2.856500e+05  5.82225875e-16
2.868500e+05  5.82226159e-16
2.880500e+05  5.82226439e-16
2.892500e+05  5.82226715e-16
2.904500e+05  5.82226987e-16
2.916500e+05  5.82227255e-16
2.928500e+05  5.82227518e-16
2.940500e+05  5.82227778e-16
2.952500e+05  5.82228033e-16
2.964500e+05  5.82228285e-16
2.976500e+05  5.82228533e-16
2.988500e+05  5.82228777e-16
3.000500e+05  5.82229017e-16
3.012500e+05  5.82229253e-16
3.024500e+05  5.82229486e-16
3.036500e+05  5.82229715e-16
3.048500e+05  5.82229940e-16
3.060500e+05  5.82230162e-16
3.072500e+05  5.82230381e-16
3.084500e+05  5.82230596e-16
3.096500e+05  5.82230807e-16
3.108500e+05  5.82231015e-16
3.120500e+05  5.82231220e-16
3.132500e+05  5.82231421e-16
3.144500e+05  5.82231619e-16
3.156500e+05  5.82231814e-16
3.168500e+05  5.82232006e-16
3.180500e+05  5.82232194e-16
3.192500e+05  5.82232380e-16
3.204500e+05  5.82232562e-16
3.216500e+05  5.82232741e-16
3.228500e+05  5.82232918e-16
3.240500e+05  5.82233091e-16
3.252500e+05  5.82233261e-16
3.264500e+05  5.82233429e-16
3.276500e+05  5.82233593e-16
3.288500e+05  5.82233755e-16
3.300500e+05  5.82233914e-16
3.312500e+05  5.82234070e-16
3.324500e+05  5.82234224e-16
3.336500e+05  5.82234374e-16
3.348500e+05  5.82234523e-16
3.360500e+05  5.82234668e-16
3.372500e+05  5.82234811e-16
3.384500e+05  5.82234951e-16
3.396500e+05  5.82235089e-16
3.408500e+05  5.82235224e-16
3.420500e+05  5.82235357e-16
3.432500e+05  5.82235488e-16
3.444500e+05  5.82235615e-16
3.456500e+05  5.82235741e-16
3.468500e+05  5.82235864e-16
3.480500e+05  5.82235985e-16
3.492500e+05  5.82236104e-16
3.504500e+05  5.82236220e-16
3.516500e+05  5.82236334e-16
3.528500e+05  5.82236446e-16
3.540500e+05  5.82236556e-16
3.552500e+05  5.82236663e-16
3.564500e+05  5.82236769e-16
3.576500e+05  5.82236872e-16
3.588500e+05  5.82236973e-16
3.600500e+05  5.82237072e-16
3.612500e+05  5.82237169e-16
3.624500e+05  5.82237265e-16
3.636500e+05  5.82237358e-16
3.648500e+05  5.82237449e-16
3.660500e+05  5.82237538e-16
3.672500e+05  5.82237626e-16
3.684500e+05  5.82237711e-16
3.696500e+05  5.82237795e-16
3.708500e+05  5.82237876e-16
3.720500e+05  5.82237956e-16
3.732500e+05  5.82238035e-16
3.744500e+05  5.82238111e-16
3.756500e+05  5.82238186e-16
3.768500e+05  5.82238259e-16
3.780500e+05  5.82238330e-16
3.792500e+05  5.82238400e-16
3.804500e+05  5.82238468e-16
3.816500e+05  5.82238534e-16
3.828500e+05  5.82238599e-16
3.840500e+05  5.82238662e-16
3.852500e+05  5.82238724e-16
3.864500e+05  5.82238784e-16
3.876500e+05  5.82238842e-16
3.888500e+05  5.82238899e-16
3.900500e+05  5.82238955e-16
3.912500e+05  5.82239009e-16
3.924500e+05  5.82239061e-16
3.936500e+05  5.82239112e-16
3.948500e+05  5.82239162e-16
3.960500e+05  5.82239211e-16
3.972500e+05  5.82239258e-16
3.984500e+05  5.82239303e-16
3.996500e+05  5.82239348e-16
4.008500e+05  5.82239390e-16
4.020500e+05  5.82239432e-16
4.032500e+05  5.82239473e-16
4.044500e+05  5.82239512e-16
4.056500e+05  5.82239550e-16
4.068500e+05  5.82239586e-16
4.080500e+05  5.82239622e-16
4.092500e+05  5.82239656e-16
4.104500e+05  5.82239689e-16
4.116500e+05  5.82239721e-16
4.128500e+05  5.82239751e-16
4.140500e+05  5.82239781e-16
4.152500e+05  5.82239810e-16
4.164500e+05  5.82239837e-16
4.176500e+05  5.82239863e-16
4.188500e+05  5.82239888e-16
4.200500e+05  5.82239913e-16
4.212500e+05  5.82239936e-16
4.224500e+05  5.82239958e-16
4.236500e+05  5.82239979e-16
4.248500e+05  5.82239999e-16
4.260500e+05  5.82240018e-16
4.272500e+05  5.82240036e-16
4.284500e+05  5.82240053e-16
4.296500e+05  5.82240069e-16
4.308500e+05  5.82240085e-16
4.320500e+05  5.82240099e-16
4.332500e+05  5.82240113e-16
4.344500e+05  5.82240125e-16
4.356500e+05  5.82240137e-16
4.368500e+05  5.82240148e-16
4.380500e+05  5.82240158e-16
4.392500e+05  5.82240167e-16
4.404500e+05  5.82240175e-16
4.416500e+05  5.82240183e-16
4.428500e+05  5.82240189e-16
4.440500e+05  5.82240195e-16
4.452500e+05  5.82240200e-16
4.464500e+05  5.82240205e-16
4.476500e+05  5.82240208e-16
4.488500e+05  5.82240211e-16
4.500500e+05  5.82240213e-16
4.512500e+05  5.82240215e-16
4.524500e+05  5.82240216e-16
4.536500e+05  5.82240216e-16
4.548500e+05  5.82240215e-16
4.560500e+05  5.82240214e-16
4.572500e+05  5.82240212e-16
4.584500e+05  5.82240209e-16
4.596500e+05  5.82240206e-16
4.608500e+05  5.82240202e-16
4.620500e+05  5.82240197e-16
4.632500e+05  5.82240192e-16
4.644500e+05  5.82240186e-16
4.656500e+05  5.82240180e-16
4.668500e+05  5.82240173e-16
4.680500e+05  5.82240166e-16
4.692500e+05  5.82240158e-16
4.704500e+05  5.82240149e-16
4.716500e+05  5.82240140e-16
4.728500e+05  5.82240130e-16
4.740500e+05  5.82240120e-16
4.752500e+05  5.82240109e-16
4.764500e+05  5.82240098e-16
4.776500e+05  5.82240086e-16
4.788500e+05  5.82240074e-16
4.800500e+05  5.82240061e-16
4.812500e+05  5.82240048e-16
4.824500e+05  5.82240034e-16
4.836500e+05  5.82240020e-16
4.848500e+05  5.82240005e-16
4.860500e+05  5.82239990e-16
4.872500e+05  5.82239975e-16
4.884500e+05  5.82239959e-16
4.896500e+05  5.82239943e-16
4.908500e+05  5.82239926e-16
4.920500e+05  5.82239909e-16
4.932500e+05  5.82239892e-16
4.944500e+05  5.82239874e-16
4.956500e+05  5.82239855e-16
4.968500e+05  5.82239837e-16
4.980500e+05  5.82239818e-16
4.992500e+05  5.82239798e-16
5.004500e+05  5.82239779e-16
5.016500e+05  5.82239759e-16
5.028500e+05  5.82239738e-16
5.040500e+05  5.82239718e-16
5.052500e+05  5.82239697e-16
5.064500e+05  5.82239675e-16
5.076500e+05  5.82239654e-16
5.088500e+05  5.82239632e-16
5.100500e+05  5.82239609e-16
5.112500e+05  5.82239587e-16
5.124500e+05  5.82239564e-16
5.136500e+05  5.82239541e-16
5.148500e+05  5.82239518e-16
5.160500e+05  5.82239494e-16
5.172500e+05  5.82239470e-16
5.184500e+05  5.82239446e-16
5.196500e+05  5.82239422e-16
5.208500e+05  5.82239397e-16
5.220500e+05  5.82239372e-16
5.232500e+05  5.82239347e-16
5.244500e+05  5.82239322e-16
5.256500e+05  5.82239296e-16
5.268500e+05  5.82239270e-16
5.280500e+05  5.82239244e-16
5.292500e+05  5.82239218e-16
5.304500e+05  5.82239192e-16
5.316500e+05  5.82239165e-16
5.328500e+05  5.82239139e-16
5.340500e+05  5.82239112e-16
5.352500e+05  5.82239084e-16
5.364500e+05  5.82239057e-16
5.376500e+05  5.82239030e-16
5.388500e+05  5.82239002e-16
5.400500e+05  5.82238974e-16
5.412500e+05  5.82238947e-16
5.424500e+05  5.82238918e-16
5.436500e+05  5.82238890e-16
5.448500e+05  5.82238862e-16
5.460500e+05  5.82238833e-16
5.472500e+05  5.82238805e-16
5.484500e+05  5.82238776e-16
5.496500e+05  5.82238747e-16
5.508500e+05  5.82238718e-16
5.520500e+05  5.82238689e-16
5.532500e+05  5.82238660e-16
5.544500e+05  5.82238631e-16
5.556500e+05  5.82238601e-16
5.568500e+05  5.82238572e-16
5.580500e+05  5.82238542e-16
5.592500e+05  5.82238512e-16
5.604500e+05  5.82238483e-16
5.616500e+05  5.82238453e-16
5.628500e+05  5.82238423e-16
5.640500e+05  5.82238393e-16
5.652500e+05  5.82238363e-16
5.664500e+05  5.82238332e-16
5.676500e+05  5.82238302e-16
5.688500e+05  5.82238272e-16
5.700500e+05  5.82238242e-16
5.712500e+05  5.82238211e-16
5.724500e+05  5.82238181e-16
5.736500e+05  5.82238150e-16
5.748500e+05  5.82238120e-16
5.760500e+05  5.82238089e-16
5.772500e+05  5.82238058e-16
5.784500e+05  5.82238028e-16
5.796500e+05  5.82237997e-16
5.808500e+05  5.82237966e-16
5.820500e+05  5.82237936e-16
5.832500e+05  5.82237905e-16
5.844500e+05  5.82237874e-16
5.856500e+05  5.82237843e-16
5.868500e+05  5.82237812e-16
5.880500e+05  5.82237781e-16
5.892500e+05  5.82237750e-16
5.904500e+05  5.82237720e-16
5.916500e+05  5.82237689e-16
5.928500e+05  5.82237658e-16
5.940500e+05  5.82237627e-16
5.952500e+05  5.82237596e-16
5.964500e+05  5.82237565e-16
5.976500e+05  5.82237534e-16
5.988500e+05  5.82237503e-16
6.000500e+05  5.82237472e-16
6.012500e+05  5.82237441e-16
6.024500e+05  5.82237410e-16
6.036500e+05  5.82237380e-16
6.048500e+05  5.82237349e-16
6.060500e+05  5.82237318e-16
6.072500e+05  5.82237287e-16
6.084500e+05  5.82237256e-16
6.096500e+05  5.82237226e-16
6.108500e+05  5.82237195e-16
6.120500e+05  5.82237164e-16
6.132500e+05  5.82237133e-16
6.144500e+05  5.82237103e-16
6.156500e+05  5.82237072e-16
6.168500e+05  5.82237041e-16
6.180500e+05  5.82237011e-16
6.192500e+05  5.82236980e-16
6.204500e+05  5.82236950e-16
6.216500e+05  5.82236919e-16
6.228500e+05  5.82236889e-16
6.240500e+05  5.82236859e-16
6.252500e+05  5.82236828e-16
6.264500e+05  5.82236798e-16
6.276500e+05  5.82236768e-16
6.288500e+05  5.82236737e-16
6.300500e+05  5.82236707e-16
6.312500e+05  5.82236677e-16
6.324500e+05  5.82236647e-16
6.336500e+05  5.82236617e-16
6.348500e+05  5.82236587e-16
6.360500e+05  5.82236557e-16
6.372500e+05  5.82236527e-16
6.384500e+05  5.82236498e-16
6.396500e+05  5.82236468e-16
6.408500e+05  5.82236438e-16
6.420500e+05  5.82236408e-16
6.432500e+05  5.82236379e-16
6.444500e+05  5.82236349e-16
6.456500e+05  5.82236320e-16
6.468500e+05  5.82236290e-16
6.480500e+05  5.82236261e-16
6.492500e+05  5.82236231e-16
6.504500e+05  5.82236202e-16
6.516500e+05  5.82236173e-16
6.528500e+05  5.82236144e-16
6.540500e+05  5.82236115e-16
6.552500e+05  5.82236086e-16
6.564500e+05  5.82236057e-16
6.576500e+05  5.82236028e-16
6.588500e+05  5.82235999e-16
6.600500e+05  5.82235970e-16
6.612500e+05  5.82235941e-16
6.624500e+05  5.82235912e-16
6.636500e+05  5.82235884e-16
6.648500e+05  5.82235855e-16
6.660500e+05  5.82235827e-16
6.672500e+05  5.82235798e-16
6.684500e+05  5.82235770e-16
6.696500e+05  5.82235741e-16
6.708500e+05  5.82235713e-16
6.720500e+05  5.82235685e-16
6.732500e+05  5.82235656e-16
6.744500e+05  5.82235628e-16
6.756500e+05  5.82235600e-16
6.768500e+05  5.82235572e-16
6.780500e+05  5.82235544e-16
6.792500e+05  5.82235516e-16
6.804500e+05  5.82235488e-16
6.816500e+05  5.82235460e-16
6.828500e+05  5.82235432e-16
6.840500e+05  5.82235404e-16
6.852500e+05  5.82235377e-16
6.864500e+05  5.82235349e-16
6.876500e+05  5.82235321e-16
6.888500e+05  5.82235294e-16
6.900500e+05  5.82235266e-16
6.912500e+05  5.82235238e-16
6.924500e+05  5.82235211e-16
6.936500e+05  5.82235183e-16
6.948500e+05  5.82235156e-16
6.960500e+05  5.82235128e-16
6.972500e+05  5.82235101e-16
6.984500e+05  5.82235074e-16
6.996500e+05  5.82235046e-16
7.008500e+05  5.82235019e-16
7.020500e+05  5.82234992e-16
7.032500e+05  5.82234964e-16
7.044500e+05  5.82234937e-16
7.056500e+05  5.82234910e-16
7.068500e+05  5.82234883e-16
7.080500e+05  5.82234856e-16
7.092500e+05  5.82234828e-16
7.104500e+05  5.82234801e-16
7.116500e+05  5.82234774e-16
7.128500e+05  5.82234747e-16
7.140500e+05  5.82234720e-16
7.152500e+05  5.82234692e-16
7.164500e+05  5.82234665e-16
7.176500e+05  5.82234638e-16
7.188500e+05  5.82234611e-16
7.200500e+05  5.82234584e-16
7.212500e+05  5.82234556e-16
7.224500e+05  5.82234529e-16
7.236500e+05  5.82234502e-16
7.248500e+05  5.82234475e-16
7.260500e+05  5.82234447e-16
7.272500e+05  5.82234420e-16
7.284500e+05  5.82234393e-16
7.296500e+05  5.82234365e-16
7.308500e+05  5.82234338e-16
7.320500e+05  5.82234310e-16
7.332500e+05  5.82234283e-16
7.344500e+05  5.82234255e-16
7.356500e+05  5.82234228e-16
7.368500e+05  5.82234200e-16
7.380500e+05  5.82234172e-16
7.392500e+05  5.82234145e-16
7.404500e+05  5.82234117e-16
7.416500e+05  5.82234089e-16
7.428500e+05  5.82234061e-16
7.440500e+05  5.82234033e-16
7.452500e+05  5.82234005e-16
7.464500e+05  5.82233976e-16
7.476500e+05  5.82233948e-16
7.488500e+05  5.82233920e-16
7.500500e+05  5.82233891e-16
7.512500e+05  5.82233863e-16
7.524500e+05  5.82233834e-16
7.536500e+05  5.82233805e-16
7.548500e+05  5.82233776e-16
7.560500e+05  5.82233747e-16
7.572500e+05  5.82233718e-16
7.584500e+05  5.82233689e-16
7.596500e+05  5.82233659e-16
7.608500e+05  5.82233630e-16
7.620500e+05  5.82233600e-16
7.632500e+05  5.82233570e-16
7.644500e+05  5.82233540e-16
7.656500e+05  5.82233510e-16
7.668500e+05  5.82233480e-16
7.680500e+05  5.82233450e-16
7.692500e+05  5.82233419e-16
7.704500e+05  5.82233388e-16
7.716500e+05  5.82233357e-16
7.728500e+05  5.82233326e-16
7.740500e+05  5.82233295e-16
7.752500e+05  5.82233263e-16
7.764500e+05  5.82233231e-16
7.776500e+05  5.82233200e-16
7.788500e+05  5.82233167e-16
7.800500e+05  5.82233135e-16
7.812500e+05  5.82233102e-16
7.824500e+05  5.82233069e-16
7.836500e+05  5.82233036e-16
7.848500e+05  5.82233003e-16
7.860500e+05  5.82232969e-16
7.872500e+05  5.82232936e-16
7.884500e+05  5.82232902e-16
7.896500e+05  5.82232867e-16
7.908500e+05  5.82232833e-16
7.920500e+05  5.82232798e-16
7.932500e+05  5.82232762e-16
7.944500e+05  5.82232727e-16
7.956500e+05  5.82232691e-16
7.968500e+05  5.82232655e-16
7.980500e+05  5.82232618e-16
7.992500e+05  5.82232582e-16
8.004500e+05  5.82232545e-16
8.016500e+05  5.82232507e-16
8.028500e+05  5.82232469e-16
8.040500e+05  5.82232431e-16
8.052500e+05  5.82232393e-16
8.064500e+05  5.82232354e-16
8.076500e+05  5.82232314e-16
8.088500e+05  5.82232275e-16
8.100500e+05  5.82232235e-16
8.112500e+05  5.82232194e-16
8.124500e+05  5.82232153e-16
8.136500e+05  5.82232112e-16
8.148500e+05  5.82232070e-16
8.160500e+05  5.82232028e-16
8.172500e+05  5.82231986e-16
8.184500e+05  5.82231943e-16
8.196500e+05  5.82231899e-16
8.208500e+05  5.82231855e-16
8.220500e+05  5.82231811e-16
8.232500e+05  5.82231766e-16
8.244500e+05  5.82231720e-16
8.256500e+05  5.82231674e-16
8.268500e+05  5.82231628e-16
8.280500e+05  5.82231581e-16
8.292500e+05  5.82231534e-16
8.304500e+05  5.82231486e-16
8.316500e+05  5.82231437e-16
8.328500e+05  5.82231388e-16
8.340500e+05  5.82231338e-16
8.352500e+05  5.82231288e-16
8.364500e+05  5.82231237e-16
8.376500e+05  5.82231185e-16
8.388500e+05  5.82231133e-16
8.400500e+05  5.82231081e-16
8.412500e+05  5.82231027e-16
8.424500e+05  5.82230973e-16
8.436500e+05  5.82230919e-16
8.448500e+05  5.82230863e-16
8.460500e+05  5.82230807e-16
8.472500e+05  5.82230751e-16
8.484500e+05  5.82230693e-16
8.496500e+05  5.82230635e-16
8.508500e+05  5.82230576e-16
8.520500e+05  5.82230517e-16
8.532500e+05  5.82230456e-16
8.544500e+05  5.82230395e-16
8.556500e+05  5.82230334e-16
8.568500e+05  5.82230271e-16
8.580500e+05  5.82230208e-16
8.592500e+05  5.82230144e-16
8.604500e+05  5.82230079e-16
8.616500e+05  5.82230013e-16
8.628500e+05  5.82229946e-16
8.640500e+05  5.82229879e-16
8.652500e+05  5.82229811e-16
8.664500e+05  5.82229741e-16
8.676500e+05  5.82229671e-16
8.688500e+05  5.82229600e-16
8.700500e+05  5.82229528e-16
8.712500e+05  5.82229456e-16
8.724500e+05  5.82229382e-16
8.736500e+05  5.82229307e-16
8.748500e+05  5.82229232e-16
8.760500e+05  5.82229155e-16
8.772500e+05  5.82229077e-16
8.784500e+05  5.82228999e-16
8.796500e+05  5.82228919e-16
8.808500e+05  5.82228838e-16
8.820500e+05  5.82228757e-16
8.832500e+05  5.82228674e-16
8.844500e+05  5.82228590e-16
8.856500e+05  5.82228505e-16
8.868500e+05  5.82228419e-16
8.880500e+05  5.82228332e-16
8.892500e+05  5.82228244e-16
8.904500e+05  5.82228154e-16
8.916500e+05  5.82228064e-16
8.928500e+05  5.82227972e-16
8.940500e+05  5.82227879e-16
8.952500e+05  5.82227785e-16
8.964500e+05  5.82227690e-16
8.976500e+05  5.82227593e-16
8.988500e+05  5.82227495e-16
9.000500e+05  5.82227396e-16
9.012500e+05  5.82227296e-16
9.024500e+05  5.82227194e-16
9.036500e+05  5.82227091e-16
9.048500e+05  5.82226987e-16
9.060500e+05  5.82226881e-16
9.072500e+05  5.82226774e-16
9.084500e+05  5.82226666e-16
9.096500e+05  5.82226556e-16
9.108500e+05  5.82226445e-16
9.120500e+05  5.82226332e-16
9.132500e+05  5.82226218e-16
9.144500e+05  5.82226103e-16
9.156500e+05  5.82225986e-16
9.168500e+05  5.82225867e-16
9.180500e+05  5.82225747e-16
9.192500e+05  5.82225626e-16
9.204500e+05  5.82225503e-16
9.216500e+05  5.82225378e-16
9.228500e+05  5.82225252e-16
9.240500e+05  5.82225124e-16
9.252500e+05  5.82224994e-16
9.264500e+05  5.82224863e-16
9.276500e+05  5.82224731e-16
9.288500e+05  5.82224596e-16
9.300500e+05  5.82224460e-16
9.312500e+05  5.82224322e-16
9.324500e+05  5.82224183e-16
9.336500e+05  5.82224042e-16
9.348500e+05  5.82223898e-16
9.360500e+05  5.82223754e-16
9.372500e+05  5.82223607e-16
9.384500e+05  5.82223459e-16
9.396500e+05  5.82223308e-16
9.408500e+05  5.82223156e-16
9.420500e+05  5.82223002e-16
9.432500e+05  5.82222846e-16
9.444500e+05  5.82222688e-16
9.456500e+05  5.82222528e-16
9.468500e+05  5.82222367e-16
9.480500e+05  5.82222203e-16
9.492500e+05  5.82222037e-16
9.504500e+05  5.82221869e-16
9.516500e+05  5.82221700e-16
9.528500e+05  5.82221528e-16
9.540500e+05  5.82221354e-16
9.552500e+05  5.82221178e-16
9.564500e+05  5.82221000e-16
9.576500e+05  5.82220819e-16
9.588500e+05  5.82220637e-16
9.600500e+05  5.82220452e-16
9.612500e+05  5.82220265e-16
9.624500e+05  5.82220076e-16
9.636500e+05  5.82219884e-16
9.648500e+05  5.82219691e-16
9.660500e+05  5.82219495e-16
9.672500e+05  5.82219296e-16
9.684500e+05  5.82219096e-16
9.696500e+05  5.82218893e-16
9.708500e+05  5.82218687e-16
9.720500e+05  5.82218480e-16
9.732500e+05  5.82218269e-16
9.744500e+05  5.82218057e-16
9.756500e+05  5.82217841e-16
9.768500e+05  5.82217624e-16
9.780500e+05  5.82217403e-16
9.792500e+05  5.82217181e-16
9.804500e+05  5.82216955e-16
9.816500e+05  5.82216727e-16
9.828500e+05  5.82216497e-16
9.840500e+05  5.82216263e-16
9.852500e+05  5.82216027e-16
9.864500e+05  5.82215789e-16
9.876500e+05  5.82215547e-16
9.888500e+05  5.82215303e-16
9.900500e+05  5.82215057e-16
9.912500e+05  5.82214807e-16
9.924500e+05  5.82214554e-16
9.936500e+05  5.82214299e-16
9.948500e+05  5.82214041e-16
9.960500e+05  5.82213780e-16
9.972500e+05  5.82213516e-16
9.984500e+05  5.82213249e-16
9.996500e+05  5.82212979e-16
1.000850e+06  5.82212706e-16
1.002050e+06  5.82212430e-16
1.003250e+06  5.82212151e-16
1.004450e+06  5.82211869e-16
1.005650e+06  5.82211584e-16
1.006850e+06  5.82211296e-16
1.008050e+06  5.82211004e-16
1.009250e+06  5.82210710e-16
1.010450e+06  5.82210412e-16
1.011650e+06  5.82210111e-16
1.012850e+06  5.82209807e-16
1.014050e+06  5.82209499e-16
1.015250e+06  5.82209188e-16
1.016450e+06  5.82208874e-16
1.017650e+06  5.82208556e-16
1.018850e+06  5.82208235e-16
1.020050e+06  5.82207911e-16
1.021250e+06  5.82207583e-16
1.022450e+06  5.82207251e-16
1.023650e+06  5.82206917e-16
1.024850e+06  5.82206578e-16
1.026050e+06  5.82206236e-16
1.027250e+06  5.82205891e-16
1.028450e+06  5.82205541e-16
1.029650e+06  5.82205188e-16
1.030850e+06  5.82204832e-16
1.032050e+06  5.82204472e-16
1.033250e+06  5.82204108e-16
1.034450e+06  5.82203740e-16
1.035650e+06  5.82203368e-16
1.036850e+06  5.82202993e-16
1.038050e+06  5.82202614e-16
1.039250e+06  5.82202231e-16
1.040450e+06  5.82201844e-16
1.041650e+06  5.82201453e-16
1.042850e+06  5.82201058e-16
1.044050e+06  5.82200659e-16
1.045250e+06  5.82200256e-16
1.046450e+06  5.82199849e-16
1.047650e+06  5.82199437e-16
1.048850e+06  5.82199022e-16
1.050050e+06  5.82198603e-16
1.051250e+06  5.82198179e-16
1.052450e+06  5.82197751e-16
1.053650e+06  5.82197319e-16
1.054850e+06  5.82196883e-16
1.056050e+06  5.82196442e-16
1.057250e+06  5.82195997e-16
1.058450e+06  5.82195548e-16
1.059650e+06  5.82195094e-16
1.060850e+06  5.82194635e-16
1.062050e+06  5.82194173e-16
1.063250e+06  5.82193705e-16
1.064450e+06  5.82193234e-16
1.065650e+06  5.82192757e-16
1.066850e+06  5.82192276e-16
1.068050e+06  5.82191791e-16
1.069250e+06  5.82191301e-16
1.070450e+06  5.82190806e-16
1.071650e+06  5.82190306e-16
1.072850e+06  5.82189801e-16
1.074050e+06  5.82189292e-16
1.075250e+06  5.82188778e-16
1.076450e+06  5.82188259e-16
1.077650e+06  5.82187735e-16
1.078850e+06  5.82187207e-16
1.080050e+06  5.82186673e-16
1.081250e+06  5.82186134e-16
1.082450e+06  5.82185590e-16
1.083650e+06  5.82185041e-16
1.084850e+06  5.82184487e-16
1.086050e+06  5.82183928e-16
1.087250e+06  5.82183364e-16
1.088450e+06  5.82182795e-16
1.089650e+06  5.82182220e-16
1.090850e+06  5.82181640e-16
1.092050e+06  5.82181055e-16
1.093250e+06  5.82180464e-16
1.094450e+06  5.82179868e-16
1.095650e+06  5.82179267e-16
1.096850e+06  5.82178660e-16
1.098050e+06  5.82178048e-16
1.099250e+06  5.82177430e-16
1.100450e+06  5.82176806e-16
1.101650e+06  5.82176177e-16
1.102850e+06  5.82175543e-16
1.104050e+06  5.82174902e-16
1.105250e+06  5.82174256e-16
1.106450e+06  5.82173605e-16
1.107650e+06  5.82172947e-16
1.108850e+06  5.82172284e-16
1.110050e+06  5.82171615e-16
1.111250e+06  5.82170940e-16
1.112450e+06  5.82170259e-16
1.113650e+06  5.82169572e-16
1.114850e+06  5.82168879e-16
1.116050e+06  5.82168180e-16
1.117250e+06  5.82167475e-16
1.118450e+06  5.82166764e-16
1.119650e+06  5.82166047e-16
1.120850e+06  5.82165323e-16
1.122050e+06  5.82164594e-16
1.123250e+06  5.82163858e-16
1.124450e+06  5.82163116e-16
1.125650e+06  5.82162367e-16
1.126850e+06  5.82161612e-16
1.128050e+06  5.82160851e-16
1.129250e+06  5.82160083e-16
1.130450e+06  5.82159309e-16
1.131650e+06  5.82158529e-16
1.132850e+06  5.82157741e-16
1.134050e+06  5.82156947e-16
1.135250e+06  5.82156147e-16
1.136450e+06  5.82155340e-16
1.137650e+06  5.82154526e-16
1.138850e+06  5.82153705e-16
1.140050e+06  5.82152878e-16
1.141250e+06  5.82152044e-16
1.142450e+06  5.82151203e-16
1.143650e+06  5.82150355e-16
1.144850e+06  5.82149500e-16
1.146050e+06  5.82148638e-16
1.147250e+06  5.82147769e-16
1.148450e+06  5.82146893e-16
1.149650e+06  5.82146010e-16
1.150850e+06  5.82145119e-16
1.152050e+06  5.82144222e-16
1.153250e+06  5.82143317e-16
1.154450e+06  5.82142405e-16
1.155650e+06  5.82141486e-16
1.156850e+06  5.82140560e-16
1.158050e+06  5.82139626e-16
1.159250e+06  5.82138684e-16
1.160450e+06  5.82137735e-16
1.161650e+06  5.82136779e-16
1.162850e+06  5.82135815e-16
1.164050e+06  5.82134844e-16
1.165250e+06  5.82133865e-16
1.166450e+06  5.82132878e-16
1.167650e+06  5.82131883e-16
1.168850e+06  5.82130881e-16
1.170050e+06  5.82129871e-16
1.171250e+06  5.82128853e-16
1.172450e+06  5.82127827e-16
1.173650e+06  5.82126794e-16
1.174850e+06  5.82125752e-16
1.176050e+06  5.82124702e-16
1.177250e+06  5.82123645e-16
1.178450e+06  5.82122579e-16
1.179650e+06  5.82121505e-16
1.180850e+06  5.82120423e-16
1.182050e+06  5.82119333e-16
1.183250e+06  5.82118234e-16
1.184450e+06  5.82117127e-16
1.185650e+06  5.82116012e-16
1.186850e+06  5.82114889e-16
1.188050e+06  5.82113757e-16
1.189250e+06  5.82112616e-16
1.190450e+06  5.82111467e-16
1.191650e+06  5.82110310e-16
1.192850e+06  5.82109144e-16
1.194050e+06  5.82107969e-16
1.195250e+06  5.82106786e-16
1.196450e+06  5.82105593e-16
1.197650e+06  5.82104393e-16
1.198850e+06  5.82103183e-16
