5.000000e+01  9.84940588e-22
1.250000e+03  2.42962489e-14
2.450000e+03  1.78901155e-14
3.650000e+03  1.52319447e-14
4.850000e+03  1.63010084e-14
6.050000e+03  2.02457965e-14
7.250000e+03  2.64391411e-14
8.450000e+03  3.43880616e-14
9.650000e+03  4.36716246e-14
1.085000e+04  5.39211599e-14
1.205000e+04  6.48169355e-14
1.325000e+04  7.60879690e-14
1.445000e+04  8.75105242e-14
1.565000e+04  9.89046623e-14
1.685000e+04  1.10129440e-13
1.805000e+04  1.21077511e-13
1.925000e+04  1.31669732e-13
2.045000e+04  1.41850130e-13
2.165000e+04  1.51581432e-13
2.285000e+04  1.60841220e-13
2.405000e+04  1.69618700e-13
2.525000e+04  1.77912036e-13
2.645000e+04  1.85726181e-13
2.765000e+04  1.93071131e-13
2.885000e+04  1.99960537e-13
3.005000e+04  2.06410603e-13
3.125000e+04  2.12439230e-13
3.245000e+04  2.18065346e-13
3.365000e+04  2.23308391e-13
3.485000e+04  2.28187932e-13
3.605000e+04  2.32723362e-13
3.725000e+04  2.36933688e-13
3.845000e+04  2.40837375e-13
3.965000e+04  2.44452236e-13
4.085000e+04  2.47795359e-13
4.205000e+04  2.50883066e-13
4.325000e+04  2.53730885e-13
4.445000e+04  2.56353550e-13
4.565000e+04  2.58765004e-13
4.685000e+04  2.60978417e-13
4.805000e+04  2.63006204e-13
4.925000e+04  2.64860056e-13
5.045000e+04  2.66550968e-13
5.165000e+04  2.68089270e-13
5.285000e+04  2.69484661e-13
5.405000e+04  2.70746239e-13
5.525000e+04  2.71882538e-13
5.645000e+04  2.72901556e-13
5.765000e+04  2.73810788e-13
5.885000e+04  2.74617255e-13
6.005000e+04  2.75327533e-13
6.125000e+04  2.75947781e-13
6.245000e+04  2.76483767e-13
6.365000e+04  2.76940892e-13
6.485000e+04  2.77324213e-13
6.605000e+04  2.77638465e-13
6.725000e+04  2.77888084e-13
6.845000e+04  2.78077223e-13
6.965000e+04  2.78209773e-13
7.085000e+04  2.78289379e-13
7.205000e+04  2.78319454e-13
7.325000e+04  2.78303199e-13
7.445000e+04  2.78243612e-13
7.565000e+04  2.78143503e-13
7.685000e+04  2.78005507e-13
7.805000e+04  2.77832094e-13
7.925000e+04  2.77625583e-13
8.045000e+04  2.77388145e-13
8.165000e+04  2.77121820e-13
8.285000e+04  2.76828522e-13
8.405000e+04  2.76510045e-13
8.525000e+04  2.76168075e-13
8.645000e+04  2.75804196e-13
8.765000e+04  2.75419893e-13
8.885000e+04  2.75016562e-13
9.005000e+04  2.74595516e-13
9.125000e+04  2.74157985e-13
9.245000e+04  2.73705129e-13
9.365000e+04  2.73238036e-13
9.485000e+04  2.72757729e-13
9.605000e+04  2.72265171e-13
9.725000e+04  2.71761267e-13
9.845000e+04  2.71246867e-13
9.965000e+04  2.70722773e-13
1.008500e+05  2.70189738e-13
1.020500e+05  2.69648472e-13
1.032500e+05  2.69099641e-13
1.044500e+05  2.68543873e-13
1.056500e+05  2.67981760e-13
1.068500e+05  2.67413859e-13
1.080500e+05  2.66840694e-13
1.092500e+05  2.66262757e-13
1.104500e+05  2.65680515e-13
1.116500e+05  2.65094405e-13
1.128500e+05  2.64504838e-13
1.140500e+05  2.63912205e-13
1.152500e+05  2.63316869e-13
1.164500e+05  2.62719177e-13
1.176500e+05  2.62119452e-13
1.188500e+05  2.61518000e-13
1.200500e+05  2.60915110e-13
1.212500e+05  2.60311052e-13
1.224500e+05  2.59706083e-13
1.236500e+05  2.59100443e-13
1.248500e+05  2.58494358e-13
1.260500e+05  2.57888042e-13
1.272500e+05  2.57281696e-13
1.284500e+05  2.56675509e-13
1.296500e+05  2.56069660e-13
1.308500e+05  2.55464316e-13
1.320500e+05  2.54859634e-13
1.332500e+05  2.54255763e-13
1.344500e+05  2.53652843e-13
1.356500e+05  2.53051004e-13
1.368500e+05  2.52450370e-13
1.380500e+05  2.51851057e-13
1.392500e+05  2.51253173e-13
1.404500e+05  2.50656822e-13
1.416500e+05  2.50062097e-13
1.428500e+05  2.49469090e-13
1.440500e+05  2.48877884e-13
1.452500e+05  2.48288559e-13
1.464500e+05  2.47701188e-13
1.476500e+05  2.47115841e-13
1.488500e+05  2.46532581e-13
1.500500e+05  2.45951469e-13
1.512500e+05  2.45372562e-13
1.524500e+05  2.44795911e-13
1.536500e+05  2.44221566e-13
1.548500e+05  2.43649572e-13
1.560500e+05  2.43079971e-13
1.572500e+05  2.42512801e-13
1.584500e+05  2.41948100e-13
1.596500e+05  2.41385900e-13
1.608500e+05  2.40826231e-13
1.620500e+05  2.40269123e-13
1.632500e+05  2.39714601e-13
1.644500e+05  2.39162688e-13
1.656500e+05  2.38613407e-13
1.668500e+05  2.38066776e-13
1.680500e+05  2.37522813e-13
1.692500e+05  2.36981535e-13
1.704500e+05  2.36442954e-13
1.716500e+05  2.35907084e-13
1.728500e+05  2.35373936e-13
1.740500e+05  2.34843519e-13
1.752500e+05  2.34315841e-13
1.764500e+05  2.33790909e-13
1.776500e+05  2.33268729e-13
1.788500e+05  2.32749305e-13
1.800500e+05  2.32232641e-13
1.812500e+05  2.31718739e-13
1.824500e+05  2.31207600e-13
1.836500e+05  2.30699224e-13
1.848500e+05  2.30193612e-13
1.860500e+05  2.29690762e-13
1.872500e+05  2.29190671e-13
1.884500e+05  2.28693337e-13
1.896500e+05  2.28198756e-13
1.908500e+05  2.27706924e-13
1.920500e+05  2.27217836e-13
1.932500e+05  2.26731487e-13
1.944500e+05  2.26247870e-13
1.956500e+05  2.25766979e-13
1.968500e+05  2.25288807e-13
1.980500e+05  2.24813346e-13
1.992500e+05  2.24340589e-13
2.004500e+05  2.23870526e-13
2.016500e+05  2.23403150e-13
2.028500e+05  2.22938450e-13
2.040500e+05  2.22476417e-13
2.052500e+05  2.22017042e-13
2.064500e+05  2.21560314e-13
2.076500e+05  2.21106222e-13
2.088500e+05  2.20654757e-13
2.100500e+05  2.20205907e-13
2.112500e+05  2.19759660e-13
2.124500e+05  2.19316005e-13
2.136500e+05  2.18874931e-13
2.148500e+05  2.18436426e-13
2.160500e+05  2.18000477e-13
2.172500e+05  2.17567073e-13
2.184500e+05  2.17136201e-13
2.196500e+05  2.16707849e-13
2.208500e+05  2.16282003e-13
2.220500e+05  2.15858652e-13
2.232500e+05  2.15437782e-13
2.244500e+05  2.15019380e-13
2.256500e+05  2.14603433e-13
2.268500e+05  2.14189929e-13
2.280500e+05  2.13778854e-13
2.292500e+05  2.13370194e-13
2.304500e+05  2.12963937e-13
2.316500e+05  2.12560068e-13
2.328500e+05  2.12158575e-13
2.340500e+05  2.11759444e-13
2.352500e+05  2.11362662e-13
2.364500e+05  2.10968214e-13
2.376500e+05  2.10576088e-13
2.388500e+05  2.10186270e-13
2.400500e+05  2.09798746e-13
2.412500e+05  2.09413503e-13
2.424500e+05  2.09030527e-13
2.436500e+05  2.08649804e-13
2.448500e+05  2.08271321e-13
2.460500e+05  2.07895065e-13
2.472500e+05  2.07521021e-13
2.484500e+05  2.07149177e-13
2.496500e+05  2.06779518e-13
2.508500e+05  2.06412032e-13
2.520500e+05  2.06046704e-13
2.532500e+05  2.05683522e-13
2.544500e+05  2.05322472e-13
2.556500e+05  2.04963540e-13
2.568500e+05  2.04606714e-13
2.580500e+05  2.04251980e-13
2.592500e+05  2.03899325e-13
2.604500e+05  2.03548735e-13
2.616500e+05  2.03200197e-13
2.628500e+05  2.02853700e-13
2.640500e+05  2.02509228e-13
2.652500e+05  2.02166770e-13
2.664500e+05  2.01826312e-13
2.676500e+05  2.01487841e-13
2.688500e+05  2.01151345e-13
2.700500e+05  2.00816811e-13
2.712500e+05  2.00484226e-13
2.724500e+05  2.00153578e-13
2.736500e+05  1.99824854e-13
2.748500e+05  1.99498041e-13
2.760500e+05  1.99173127e-13
2.772500e+05  1.98850099e-13
2.784500e+05  1.98528946e-13
2.796500e+05  1.98209654e-13
2.808500e+05  1.97892212e-13
2.820500e+05  1.97576608e-13
2.832500e+05  1.97262829e-13
2.844500e+05  1.96950863e-13
2.856500e+05  1.96640699e-13
2.868500e+05  1.96332325e-13
2.880500e+05  1.96025728e-13
2.892500e+05  1.95720897e-13
2.904500e+05  1.95417821e-13
2.916500e+05  1.95116487e-13
2.928500e+05  1.94816885e-13
2.940500e+05  1.94519002e-13
2.952500e+05  1.94222828e-13
2.964500e+05  1.93928351e-13
2.976500e+05  1.93635560e-13
2.988500e+05  1.93344443e-13
3.000500e+05  1.93054990e-13
3.012500e+05  1.92767189e-13
3.024500e+05  1.92481030e-13
3.036500e+05  1.92196501e-13
3.048500e+05  1.91913592e-13
3.060500e+05  1.91632292e-13
3.072500e+05  1.91352590e-13
3.084500e+05  1.91074476e-13
3.096500e+05  1.90797939e-13
3.108500e+05  1.90522969e-13
3.120500e+05  1.90249555e-13
3.132500e+05  1.89977687e-13
3.144500e+05  1.89707354e-13
3.156500e+05  1.89438547e-13
3.168500e+05  1.89171255e-13
3.180500e+05  1.88905469e-13
3.192500e+05  1.88641177e-13
3.204500e+05  1.88378371e-13
3.216500e+05  1.88117041e-13
3.228500e+05  1.87857176e-13
3.240500e+05  1.87598766e-13
3.252500e+05  1.87341803e-13
3.264500e+05  1.87086277e-13
3.276500e+05  1.86832178e-13
3.288500e+05  1.86579497e-13
3.300500e+05  1.86328223e-13
3.312500e+05  1.86078349e-13
3.324500e+05  1.85829865e-13
3.336500e+05  1.85582760e-13
3.348500e+05  1.85337028e-13
3.360500e+05  1.85092657e-13
3.372500e+05  1.84849640e-13
3.384500e+05  1.84607967e-13
3.396500e+05  1.84367630e-13
3.408500e+05  1.84128619e-13
3.420500e+05  1.83890927e-13
3.432500e+05  1.83654543e-13
3.444500e+05  1.83419460e-13
3.456500e+05  1.83185670e-13
3.468500e+05  1.82953162e-13
3.480500e+05  1.82721930e-13
3.492500e+05  1.82491965e-13
3.504500e+05  1.82263257e-13
3.516500e+05  1.82035801e-13
3.528500e+05  1.81809586e-13
3.540500e+05  1.81584604e-13
3.552500e+05  1.81360849e-13
3.564500e+05  1.81138311e-13
3.576500e+05  1.80916983e-13
3.588500e+05  1.80696857e-13
3.600500e+05  1.80477924e-13
3.612500e+05  1.80260178e-13
3.624500e+05  1.80043610e-13
3.636500e+05  1.79828213e-13
3.648500e+05  1.79613980e-13
3.660500e+05  1.79400901e-13
3.672500e+05  1.79188971e-13
3.684500e+05  1.78978181e-13
3.696500e+05  1.78768525e-13
3.708500e+05  1.78559994e-13
3.720500e+05  1.78352582e-13
3.732500e+05  1.78146281e-13
3.744500e+05  1.77941084e-13
3.756500e+05  1.77736984e-13
3.768500e+05  1.77533974e-13
3.780500e+05  1.77332047e-13
3.792500e+05  1.77131195e-13
3.804500e+05  1.76931412e-13
3.816500e+05  1.76732692e-13
3.828500e+05  1.76535026e-13
3.840500e+05  1.76338409e-13
3.852500e+05  1.76142834e-13
3.864500e+05  1.75948293e-13
3.876500e+05  1.75754781e-13
3.888500e+05  1.75562290e-13
3.900500e+05  1.75370815e-13
3.912500e+05  1.75180348e-13
3.924500e+05  1.74990884e-13
3.936500e+05  1.74802415e-13
3.948500e+05  1.74614936e-13
3.960500e+05  1.74428440e-13
3.972500e+05  1.74242921e-13
3.984500e+05  1.74058373e-13
3.996500e+05  1.73874789e-13
4.008500e+05  1.73692163e-13
4.020500e+05  1.73510490e-13
4.032500e+05  1.73329763e-13
4.044500e+05  1.73149977e-13
4.056500e+05  1.72971124e-13
4.068500e+05  1.72793200e-13
4.080500e+05  1.72616199e-13
4.092500e+05  1.72440114e-13
4.104500e+05  1.72264941e-13
4.116500e+05  1.72090672e-13
4.128500e+05  1.71917303e-13
4.140500e+05  1.71744828e-13
4.152500e+05  1.71573241e-13
4.164500e+05  1.71402537e-13
4.176500e+05  1.71232710e-13
4.188500e+05  1.71063755e-13
4.200500e+05  1.70895666e-13
4.212500e+05  1.70728437e-13
4.224500e+05  1.70562064e-13
4.236500e+05  1.70396541e-13
4.248500e+05  1.70231863e-13
4.260500e+05  1.70068024e-13
4.272500e+05  1.69905020e-13
4.284500e+05  1.69742845e-13
4.296500e+05  1.69581493e-13
4.308500e+05  1.69420961e-13
4.320500e+05  1.69261242e-13
4.332500e+05  1.69102332e-13
4.344500e+05  1.68944226e-13
4.356500e+05  1.68786918e-13
4.368500e+05  1.68630404e-13
4.380500e+05  1.68474679e-13
4.392500e+05  1.68319739e-13
4.404500e+05  1.68165577e-13
4.416500e+05  1.68012190e-13
4.428500e+05  1.67859573e-13
4.440500e+05  1.67707720e-13
4.452500e+05  1.67556628e-13
4.464500e+05  1.67406292e-13
4.476500e+05  1.67256706e-13
4.488500e+05  1.67107867e-13
4.500500e+05  1.66959770e-13
4.512500e+05  1.66812410e-13
4.524500e+05  1.66665783e-13
4.536500e+05  1.66519884e-13
4.548500e+05  1.66374709e-13
4.560500e+05  1.66230254e-13
4.572500e+05  1.66086514e-13
4.584500e+05  1.65943485e-13
4.596500e+05  1.65801163e-13
4.608500e+05  1.65659542e-13
4.620500e+05  1.65518620e-13
4.632500e+05  1.65378391e-13
4.644500e+05  1.65238852e-13
4.656500e+05  1.65099999e-13
4.668500e+05  1.64961827e-13
4.680500e+05  1.64824332e-13
4.692500e+05  1.64687510e-13
4.704500e+05  1.64551358e-13
4.716500e+05  1.64415870e-13
4.728500e+05  1.64281044e-13
4.740500e+05  1.64146874e-13
4.752500e+05  1.64013359e-13
4.764500e+05  1.63880492e-13
4.776500e+05  1.63748271e-13
4.788500e+05  1.63616691e-13
4.800500e+05  1.63485750e-13
4.812500e+05  1.63355442e-13
4.824500e+05  1.63225764e-13
4.836500e+05  1.63096713e-13
4.848500e+05  1.62968285e-13
4.860500e+05  1.62840476e-13
4.872500e+05  1.62713282e-13
4.884500e+05  1.62586700e-13
4.896500e+05  1.62460727e-13
4.908500e+05  1.62335357e-13
4.920500e+05  1.62210589e-13
4.932500e+05  1.62086419e-13
4.944500e+05  1.61962842e-13
4.956500e+05  1.61839856e-13
4.968500e+05  1.61717457e-13
4.980500e+05  1.61595641e-13
4.992500e+05  1.61474405e-13
5.004500e+05  1.61353747e-13
5.016500e+05  1.61233661e-13
5.028500e+05  1.61114146e-13
5.040500e+05  1.60995197e-13
5.052500e+05  1.60876812e-13
5.064500e+05  1.60758987e-13
5.076500e+05  1.60641719e-13
5.088500e+05  1.60525004e-13
5.100500e+05  1.60408840e-13
5.112500e+05  1.60293222e-13
5.124500e+05  1.60178149e-13
5.136500e+05  1.60063617e-13
5.148500e+05  1.59949623e-13
5.160500e+05  1.59836163e-13
5.172500e+05  1.59723235e-13
5.184500e+05  1.59610835e-13
5.196500e+05  1.59498961e-13
5.208500e+05  1.59387609e-13
5.220500e+05  1.59276777e-13
5.232500e+05  1.59166461e-13
5.244500e+05  1.59056659e-13
5.256500e+05  1.58947367e-13
5.268500e+05  1.58838583e-13
5.280500e+05  1.58730303e-13
5.292500e+05  1.58622525e-13
5.304500e+05  1.58515247e-13
5.316500e+05  1.58408464e-13
5.328500e+05  1.58302175e-13
5.340500e+05  1.58196376e-13
5.352500e+05  1.58091065e-13
5.364500e+05  1.57986238e-13
5.376500e+05  1.57881894e-13
5.388500e+05  1.57778030e-13
5.400500e+05  1.57674642e-13
5.412500e+05  1.57571728e-13
5.424500e+05  1.57469285e-13
5.436500e+05  1.57367311e-13
5.448500e+05  1.57265803e-13
5.460500e+05  1.57164759e-13
5.472500e+05  1.57064175e-13
5.484500e+05  1.56964050e-13
5.496500e+05  1.56864380e-13
5.508500e+05  1.56765163e-13
5.520500e+05  1.56666397e-13
5.532500e+05  1.56568079e-13
5.544500e+05  1.56470206e-13
5.556500e+05  1.56372777e-13
5.568500e+05  1.56275787e-13
5.580500e+05  1.56179236e-13
5.592500e+05  1.56083121e-13
5.604500e+05  1.55987439e-13
5.616500e+05  1.55892187e-13
5.628500e+05  1.55797364e-13
5.640500e+05  1.55702967e-13
5.652500e+05  1.55608994e-13
5.664500e+05  1.55515442e-13
5.676500e+05  1.55422309e-13
5.688500e+05  1.55329592e-13
5.700500e+05  1.55237290e-13
5.712500e+05  1.55145400e-13
5.724500e+05  1.55053920e-13
5.736500e+05  1.54962847e-13
5.748500e+05  1.54872180e-13
5.760500e+05  1.54781915e-13
5.772500e+05  1.54692052e-13
5.784500e+05  1.54602587e-13
5.796500e+05  1.54513519e-13
5.808500e+05  1.54424844e-13
5.820500e+05  1.54336562e-13
5.832500e+05  1.54248670e-13
5.844500e+05  1.54161166e-13
5.856500e+05  1.54074048e-13
5.868500e+05  1.53987313e-13
5.880500e+05  1.53900959e-13
5.892500e+05  1.53814986e-13
5.904500e+05  1.53729389e-13
5.916500e+05  1.53644168e-13
5.928500e+05  1.53559320e-13
5.940500e+05  1.53474844e-13
5.952500e+05  1.53390736e-13
5.964500e+05  1.53306996e-13
5.976500e+05  1.53223622e-13
5.988500e+05  1.53140610e-13
6.000500e+05  1.53057960e-13
6.012500e+05  1.52975670e-13
6.024500e+05  1.52893737e-13
6.036500e+05  1.52812159e-13
6.048500e+05  1.52730935e-13
6.060500e+05  1.52650063e-13
6.072500e+05  1.52569540e-13
6.084500e+05  1.52489366e-13
6.096500e+05  1.52409537e-13
6.108500e+05  1.52330053e-13
6.120500e+05  1.52250912e-13
6.132500e+05  1.52172110e-13
6.144500e+05  1.52093648e-13
6.156500e+05  1.52015523e-13
6.168500e+05  1.51937732e-13
6.180500e+05  1.51860275e-13
6.192500e+05  1.51783150e-13
6.204500e+05  1.51706355e-13
6.216500e+05  1.51629887e-13
6.228500e+05  1.51553746e-13
6.240500e+05  1.51477930e-13
6.252500e+05  1.51402437e-13
6.264500e+05  1.51327264e-13
6.276500e+05  1.51252412e-13
6.288500e+05  1.51177877e-13
6.300500e+05  1.51103658e-13
6.312500e+05  1.51029753e-13
6.324500e+05  1.50956162e-13
6.336500e+05  1.50882881e-13
6.348500e+05  1.50809911e-13
6.360500e+05  1.50737248e-13
6.372500e+05  1.50664891e-13
6.384500e+05  1.50592839e-13
6.396500e+05  1.50521090e-13
6.408500e+05  1.50449643e-13
6.420500e+05  1.50378495e-13
6.432500e+05  1.50307646e-13
6.444500e+05  1.50237094e-13
6.456500e+05  1.50166837e-13
6.468500e+05  1.50096874e-13
6.480500e+05  1.50027203e-13
6.492500e+05  1.49957822e-13
6.504500e+05  1.49888731e-13
6.516500e+05  1.49819927e-13
6.528500e+05  1.49751410e-13
6.540500e+05  1.49683177e-13
6.552500e+05  1.49615228e-13
6.564500e+05  1.49547560e-13
6.576500e+05  1.49480173e-13
6.588500e+05  1.49413064e-13
6.600500e+05  1.49346233e-13
6.612500e+05  1.49279678e-13
6.624500e+05  1.49213397e-13
6.636500e+05  1.49147389e-13
6.648500e+05  1.49081654e-13
6.660500e+05  1.49016188e-13
6.672500e+05  1.48950992e-13
6.684500e+05  1.48886063e-13
6.696500e+05  1.48821400e-13
6.708500e+05  1.48757003e-13
6.720500e+05  1.48692868e-13
6.732500e+05  1.48628996e-13
6.744500e+05  1.48565385e-13
6.756500e+05  1.48502033e-13
6.768500e+05  1.48438940e-13
6.780500e+05  1.48376103e-13
6.792500e+05  1.48313522e-13
6.804500e+05  1.48251194e-13
6.816500e+05  1.48189120e-13
6.828500e+05  1.48127298e-13
6.840500e+05  1.48065726e-13
6.852500e+05  1.48004403e-13
6.864500e+05  1.47943328e-13
6.876500e+05  1.47882500e-13
6.888500e+05  1.47821917e-13
6.900500e+05  1.47761578e-13
6.912500e+05  1.47701482e-13
6.924500e+05  1.47641628e-13
6.936500e+05  1.47582014e-13
6.948500e+05  1.47522639e-13
6.960500e+05  1.47463503e-13
6.972500e+05  1.47404603e-13
6.984500e+05  1.47345939e-13
6.996500e+05  1.47287509e-13
7.008500e+05  1.47229313e-13
7.020500e+05  1.47171349e-13
7.032500e+05  1.47113616e-13
7.044500e+05  1.47056113e-13
7.056500e+05  1.46998838e-13
7.068500e+05  1.46941791e-13
7.080500e+05  1.46884970e-13
7.092500e+05  1.46828375e-13
7.104500e+05  1.46772004e-13
7.116500e+05  1.46715856e-13
7.128500e+05  1.46659929e-13
7.140500e+05  1.46604224e-13
7.152500e+05  1.46548738e-13
7.164500e+05  1.46493471e-13
7.176500e+05  1.46438422e-13
7.188500e+05  1.46383589e-13
7.200500e+05  1.46328971e-13
7.212500e+05  1.46274568e-13
7.224500e+05  1.46220378e-13
7.236500e+05  1.46166400e-13
7.248500e+05  1.46112634e-13
7.260500e+05  1.46059077e-13
7.272500e+05  1.46005730e-13
7.284500e+05  1.45952591e-13
7.296500e+05  1.45899659e-13
7.308500e+05  1.45846933e-13
7.320500e+05  1.45794412e-13
7.332500e+05  1.45742095e-13
7.344500e+05  1.45689982e-13
7.356500e+05  1.45638070e-13
7.368500e+05  1.45586359e-13
7.380500e+05  1.45534848e-13
7.392500e+05  1.45483537e-13
7.404500e+05  1.45432424e-13
7.416500e+05  1.45381507e-13
7.428500e+05  1.45330787e-13
7.440500e+05  1.45280263e-13
7.452500e+05  1.45229932e-13
7.464500e+05  1.45179795e-13
7.476500e+05  1.45129851e-13
7.488500e+05  1.45080097e-13
7.500500e+05  1.45030535e-13
7.512500e+05  1.44981162e-13
7.524500e+05  1.44931978e-13
7.536500e+05  1.44882981e-13
7.548500e+05  1.44834172e-13
7.560500e+05  1.44785548e-13
7.572500e+05  1.44737110e-13
7.584500e+05  1.44688856e-13
7.596500e+05  1.44640785e-13
7.608500e+05  1.44592897e-13
7.620500e+05  1.44545190e-13
7.632500e+05  1.44497664e-13
7.644500e+05  1.44450318e-13
7.656500e+05  1.44403150e-13
7.668500e+05  1.44356161e-13
7.680500e+05  1.44309349e-13
7.692500e+05  1.44262713e-13
7.704500e+05  1.44216253e-13
7.716500e+05  1.44169968e-13
7.728500e+05  1.44123857e-13
7.740500e+05  1.44077918e-13
7.752500e+05  1.44032152e-13
7.764500e+05  1.43986558e-13
7.776500e+05  1.43941134e-13
7.788500e+05  1.43895879e-13
7.800500e+05  1.43850794e-13
7.812500e+05  1.43805877e-13
7.824500e+05  1.43761127e-13
7.836500e+05  1.43716544e-13
7.848500e+05  1.43672126e-13
7.860500e+05  1.43627874e-13
7.872500e+05  1.43583786e-13
7.884500e+05  1.43539861e-13
7.896500e+05  1.43496099e-13
7.908500e+05  1.43452499e-13
7.920500e+05  1.43409060e-13
7.932500e+05  1.43365781e-13
7.944500e+05  1.43322662e-13
7.956500e+05  1.43279702e-13
7.968500e+05  1.43236900e-13
7.980500e+05  1.43194256e-13
7.992500e+05  1.43151768e-13
8.004500e+05  1.43109436e-13
8.016500e+05  1.43067259e-13
8.028500e+05  1.43025237e-13
8.040500e+05  1.42983368e-13
8.052500e+05  1.42941652e-13
8.064500e+05  1.42900089e-13
8.076500e+05  1.42858677e-13
8.088500e+05  1.42817416e-13
8.100500e+05  1.42776305e-13
8.112500e+05  1.42735344e-13
8.124500e+05  1.42694532e-13
8.136500e+05  1.42653867e-13
8.148500e+05  1.42613350e-13
8.160500e+05  1.42572980e-13
8.172500e+05  1.42532755e-13
8.184500e+05  1.42492676e-13
8.196500e+05  1.42452742e-13
8.208500e+05  1.42412952e-13
8.220500e+05  1.42373304e-13
8.232500e+05  1.42333800e-13
8.244500e+05  1.42294438e-13
8.256500e+05  1.42255217e-13
8.268500e+05  1.42216136e-13
8.280500e+05  1.42177196e-13
8.292500e+05  1.42138395e-13
8.304500e+05  1.42099733e-13
8.316500e+05  1.42061209e-13
8.328500e+05  1.42022822e-13
8.340500e+05  1.41984572e-13
8.352500e+05  1.41946459e-13
8.364500e+05  1.41908481e-13
8.376500e+05  1.41870638e-13
8.388500e+05  1.41832929e-13
8.400500e+05  1.41795354e-13
8.412500e+05  1.41757912e-13
8.424500e+05  1.41720603e-13
8.436500e+05  1.41683425e-13
8.448500e+05  1.41646379e-13
8.460500e+05  1.41609463e-13
8.472500e+05  1.41572678e-13
8.484500e+05  1.41536022e-13
8.496500e+05  1.41499495e-13
8.508500e+05  1.41463096e-13
8.520500e+05  1.41426825e-13
8.532500e+05  1.41390681e-13
8.544500e+05  1.41354664e-13
8.556500e+05  1.41318772e-13
8.568500e+05  1.41283006e-13
8.580500e+05  1.41247365e-13
8.592500e+05  1.41211848e-13
8.604500e+05  1.41176455e-13
8.616500e+05  1.41141185e-13
8.628500e+05  1.41106038e-13
8.640500e+05  1.41071012e-13
8.652500e+05  1.41036108e-13
8.664500e+05  1.41001325e-13
8.676500e+05  1.40966663e-13
8.688500e+05  1.40932120e-13
8.700500e+05  1.40897697e-13
8.712500e+05  1.40863392e-13
8.724500e+05  1.40829205e-13
8.736500e+05  1.40795137e-13
8.748500e+05  1.40761185e-13
8.760500e+05  1.40727350e-13
8.772500e+05  1.40693631e-13
8.784500e+05  1.40660028e-13
8.796500e+05  1.40626539e-13
8.808500e+05  1.40593166e-13
8.820500e+05  1.40559906e-13
8.832500e+05  1.40526760e-13
8.844500e+05  1.40493726e-13
8.856500e+05  1.40460806e-13
8.868500e+05  1.40427997e-13
8.880500e+05  1.40395300e-13
8.892500e+05  1.40362713e-13
8.904500e+05  1.40330238e-13
8.916500e+05  1.40297872e-13
8.928500e+05  1.40265616e-13
8.940500e+05  1.40233468e-13
8.952500e+05  1.40201430e-13
8.964500e+05  1.40169499e-13
8.976500e+05  1.40137676e-13
8.988500e+05  1.40105960e-13
9.000500e+05  1.40074350e-13
9.012500e+05  1.40042847e-13
9.024500e+05  1.40011449e-13
9.036500e+05  1.39980157e-13
9.048500e+05  1.39948969e-13
9.060500e+05  1.39917886e-13
9.072500e+05  1.39886906e-13
9.084500e+05  1.39856029e-13
9.096500e+05  1.39825256e-13
9.108500e+05  1.39794585e-13
9.120500e+05  1.39764016e-13
9.132500e+05  1.39733548e-13
9.144500e+05  1.39703181e-13
9.156500e+05  1.39672916e-13
9.168500e+05  1.39642750e-13
9.180500e+05  1.39612684e-13
9.192500e+05  1.39582717e-13
9.204500e+05  1.39552849e-13
9.216500e+05  1.39523079e-13
9.228500e+05  1.39493408e-13
9.240500e+05  1.39463834e-13
9.252500e+05  1.39434357e-13
9.264500e+05  1.39404976e-13
9.276500e+05  1.39375692e-13
9.288500e+05  1.39346504e-13
9.300500e+05  1.39317411e-13
9.312500e+05  1.39288414e-13
9.324500e+05  1.39259510e-13
9.336500e+05  1.39230701e-13
9.348500e+05  1.39201986e-13
9.360500e+05  1.39173364e-13
9.372500e+05  1.39144835e-13
9.384500e+05  1.39116398e-13
9.396500e+05  1.39088054e-13
9.408500e+05  1.39059801e-13
9.420500e+05  1.39031640e-13
9.432500e+05  1.39003569e-13
9.444500e+05  1.38975589e-13
9.456500e+05  1.38947699e-13
9.468500e+05  1.38919899e-13
9.480500e+05  1.38892188e-13
9.492500e+05  1.38864566e-13
9.504500e+05  1.38837033e-13
9.516500e+05  1.38809587e-13
9.528500e+05  1.38782230e-13
9.540500e+05  1.38754960e-13
9.552500e+05  1.38727777e-13
9.564500e+05  1.38700680e-13
9.576500e+05  1.38673670e-13
9.588500e+05  1.38646746e-13
9.600500e+05  1.38619907e-13
9.612500e+05  1.38593153e-13
9.624500e+05  1.38566484e-13
9.636500e+05  1.38539899e-13
9.648500e+05  1.38513399e-13
9.660500e+05  1.38486982e-13
9.672500e+05  1.38460648e-13
9.684500e+05  1.38434397e-13
9.696500e+05  1.38408229e-13
9.708500e+05  1.38382143e-13
9.720500e+05  1.38356139e-13
9.732500e+05  1.38330217e-13
9.744500e+05  1.38304375e-13
9.756500e+05  1.38278615e-13
9.768500e+05  1.38252935e-13
9.780500e+05  1.38227335e-13
9.792500e+05  1.38201814e-13
9.804500e+05  1.38176373e-13
9.816500e+05  1.38151012e-13
9.828500e+05  1.38125728e-13
9.840500e+05  1.38100524e-13
9.852500e+05  1.38075397e-13
9.864500e+05  1.38050348e-13
9.876500e+05  1.38025376e-13
9.888500e+05  1.38000482e-13
9.900500e+05  1.37975664e-13
9.912500e+05  1.37950923e-13
9.924500e+05  1.37926257e-13
9.936500e+05  1.37901667e-13
9.948500e+05  1.37877153e-13
9.960500e+05  1.37852714e-13
9.972500e+05  1.37828349e-13
9.984500e+05  1.37804059e-13
9.996500e+05  1.37779843e-13
1.000850e+06  1.37755701e-13
1.002050e+06  1.37731632e-13
1.003250e+06  1.37707637e-13
1.004450e+06  1.37683714e-13
1.005650e+06  1.37659864e-13
1.006850e+06  1.37636086e-13
1.008050e+06  1.37612380e-13
1.009250e+06  1.37588745e-13
1.010450e+06  1.37565182e-13
1.011650e+06  1.37541690e-13
1.012850e+06  1.37518268e-13
1.014050e+06  1.37494917e-13
1.015250e+06  1.37471636e-13
1.016450e+06  1.37448424e-13
1.017650e+06  1.37425282e-13
1.018850e+06  1.37402210e-13
1.020050e+06  1.37379206e-13
1.021250e+06  1.37356271e-13
1.022450e+06  1.37333404e-13
1.023650e+06  1.37310605e-13
1.024850e+06  1.37287874e-13
1.026050e+06  1.37265210e-13
1.027250e+06  1.37242613e-13
1.028450e+06  1.37220083e-13
1.029650e+06  1.37197620e-13
1.030850e+06  1.37175223e-13
1.032050e+06  1.37152892e-13
1.033250e+06  1.37130627e-13
1.034450e+06  1.37108427e-13
1.035650e+06  1.37086292e-13
1.036850e+06  1.37064222e-13
1.038050e+06  1.37042217e-13
1.039250e+06  1.37020276e-13
1.040450e+06  1.36998399e-13
1.041650e+06  1.36976586e-13
1.042850e+06  1.36954836e-13
1.044050e+06  1.36933150e-13
1.045250e+06  1.36911527e-13
1.046450e+06  1.36889966e-13
1.047650e+06  1.36868468e-13
1.048850e+06  1.36847031e-13
1.050050e+06  1.36825657e-13
1.051250e+06  1.36804345e-13
1.052450e+06  1.36783093e-13
1.053650e+06  1.36761903e-13
1.054850e+06  1.36740774e-13
1.056050e+06  1.36719705e-13
1.057250e+06  1.36698697e-13
1.058450e+06  1.36677749e-13
1.059650e+06  1.36656860e-13
1.060850e+06  1.36636031e-13
1.062050e+06  1.36615262e-13
1.063250e+06  1.36594551e-13
1.064450e+06  1.36573899e-13
1.065650e+06  1.36553306e-13
1.066850e+06  1.36532771e-13
1.068050e+06  1.36512295e-13
1.069250e+06  1.36491876e-13
1.070450e+06  1.36471514e-13
1.071650e+06  1.36451210e-13
1.072850e+06  1.36430963e-13
1.074050e+06  1.36410773e-13
1.075250e+06  1.36390640e-13
1.076450e+06  1.36370563e-13
1.077650e+06  1.36350542e-13
1.078850e+06  1.36330576e-13
1.080050e+06  1.36310667e-13
1.081250e+06  1.36290813e-13
1.082450e+06  1.36271014e-13
1.083650e+06  1.36251270e-13
1.084850e+06  1.36231581e-13
1.086050e+06  1.36211946e-13
1.087250e+06  1.36192365e-13
1.088450e+06  1.36172839e-13
1.089650e+06  1.36153366e-13
1.090850e+06  1.36133947e-13
1.092050e+06  1.36114581e-13
1.093250e+06  1.36095268e-13
1.094450e+06  1.36076008e-13
1.095650e+06  1.36056801e-13
1.096850e+06  1.36037646e-13
1.098050e+06  1.36018544e-13
1.099250e+06  1.35999493e-13
1.100450e+06  1.35980495e-13
1.101650e+06  1.35961547e-13
1.102850e+06  1.35942651e-13
1.104050e+06  1.35923807e-13
1.105250e+06  1.35905013e-13
1.106450e+06  1.35886270e-13
1.107650e+06  1.35867577e-13
1.108850e+06  1.35848934e-13
1.110050e+06  1.35830342e-13
1.111250e+06  1.35811799e-13
1.112450e+06  1.35793306e-13
1.113650e+06  1.35774863e-13
1.114850e+06  1.35756468e-13
1.116050e+06  1.35738123e-13
1.117250e+06  1.35719826e-13
1.118450e+06  1.35701578e-13
1.119650e+06  1.35683379e-13
1.120850e+06  1.35665227e-13
1.122050e+06  1.35647124e-13
1.123250e+06  1.35629068e-13
1.124450e+06  1.35611060e-13
1.125650e+06  1.35593099e-13
1.126850e+06  1.35575185e-13
1.128050e+06  1.35557318e-13
1.129250e+06  1.35539498e-13
1.130450e+06  1.35521725e-13
1.131650e+06  1.35503998e-13
1.132850e+06  1.35486317e-13
1.134050e+06  1.35468682e-13
1.135250e+06  1.35451093e-13
1.136450e+06  1.35433549e-13
1.137650e+06  1.35416051e-13
1.138850e+06  1.35398598e-13
1.140050e+06  1.35381190e-13
1.141250e+06  1.35363826e-13
1.142450e+06  1.35346508e-13
1.143650e+06  1.35329234e-13
1.144850e+06  1.35312004e-13
1.146050e+06  1.35294818e-13
1.147250e+06  1.35277676e-13
1.148450e+06  1.35260578e-13
1.149650e+06  1.35243523e-13
1.150850e+06  1.35226511e-13
1.152050e+06  1.35209543e-13
1.153250e+06  1.35192617e-13
1.154450e+06  1.35175735e-13
1.155650e+06  1.35158895e-13
1.156850e+06  1.35142097e-13
1.158050e+06  1.35125341e-13
1.159250e+06  1.35108628e-13
1.160450e+06  1.35091956e-13
1.161650e+06  1.35075326e-13
1.162850e+06  1.35058738e-13
1.164050e+06  1.35042191e-13
1.165250e+06  1.35025685e-13
1.166450e+06  1.35009220e-13
1.167650e+06  1.34992796e-13
1.168850e+06  1.34976413e-13
1.170050e+06  1.34960070e-13
1.171250e+06  1.34943767e-13
1.172450e+06  1.34927504e-13
1.173650e+06  1.34911281e-13
1.174850e+06  1.34895099e-13
1.176050e+06  1.34878955e-13
1.177250e+06  1.34862851e-13
1.178450e+06  1.34846787e-13
1.179650e+06  1.34830761e-13
1.180850e+06  1.34814775e-13
1.182050e+06  1.34798827e-13
1.183250e+06  1.34782918e-13
1.184450e+06  1.34767047e-13
1.185650e+06  1.34751214e-13
1.186850e+06  1.34735420e-13
1.188050e+06  1.34719664e-13
1.189250e+06  1.34703945e-13
1.190450e+06  1.34688264e-13
1.191650e+06  1.34672620e-13
1.192850e+06  1.34657014e-13
1.194050e+06  1.34641445e-13
1.195250e+06  1.34625913e-13
1.196450e+06  1.34610417e-13
1.197650e+06  1.34594959e-13
1.198850e+06  1.34579537e-13
