5.000000e+01  0.00000000e+00
1.250000e+03  1.05689161e-64
2.450000e+03  7.79812082e-41
3.650000e+03  1.25897481e-32
4.850000e+03  1.83728139e-28
6.050000e+03  6.12812953e-26
7.250000e+03  3.03781996e-24
8.450000e+03  5.03012355e-23
9.650000e+03  4.18202762e-22
1.085000e+04  2.19193215e-21
1.205000e+04  8.30714965e-21
1.325000e+04  2.48481939e-20
1.445000e+04  6.22001167e-20
1.565000e+04  1.35706571e-19
1.685000e+04  2.65687526e-19
1.805000e+04  4.76869520e-19
1.925000e+04  7.97398457e-19
2.045000e+04  1.25763684e-18
2.165000e+04  1.88892297e-18
2.285000e+04  2.72242104e-18
2.405000e+04  3.78813974e-18
2.525000e+04  5.11415409e-18
2.645000e+04  6.72603491e-18
2.765000e+04  8.64647027e-18
2.885000e+04  1.08950535e-17
3.005000e+04  1.34882078e-17
3.125000e+04  1.64392182e-17
3.245000e+04  1.97583441e-17
3.365000e+04  2.34529874e-17
3.485000e+04  2.75278997e-17
3.605000e+04  3.19854096e-17
3.725000e+04  3.68256613e-17
3.845000e+04  4.20468527e-17
3.965000e+04  4.76454682e-17
4.085000e+04  5.36165005e-17
4.205000e+04  5.99536595e-17
4.325000e+04  6.66495655e-17
4.445000e+04  7.36959260e-17
4.565000e+04  8.10836967e-17
4.685000e+04  8.88032262e-17
4.805000e+04  9.68443854e-17
4.925000e+04  1.05196682e-16
5.045000e+04  1.13849362e-16
5.165000e+04  1.22791499e-16
5.285000e+04  1.32012069e-16
5.405000e+04  1.41500022e-16
5.525000e+04  1.51244334e-16
5.645000e+04  1.61234063e-16
5.765000e+04  1.71458382e-16
5.885000e+04  1.81906623e-16
6.005000e+04  1.92568301e-16
6.125000e+04  2.03433137e-16
6.245000e+04  2.14491084e-16
6.365000e+04  2.25732333e-16
6.485000e+04  2.37147334e-16
6.605000e+04  2.48726799e-16
6.725000e+04  2.60461711e-16
6.845000e+04  2.72343326e-16
6.965000e+04  2.84363177e-16
7.085000e+04  2.96513075e-16
7.205000e+04  3.08785104e-16
7.325000e+04  3.21171624e-16
7.445000e+04  3.33665264e-16
7.565000e+04  3.46258920e-16
7.685000e+04  3.58945748e-16
7.805000e+04  3.71719162e-16
7.925000e+04  3.84572826e-16
8.045000e+04  3.97500648e-16
8.165000e+04  4.10496774e-16
8.285000e+04  4.23555582e-16
8.405000e+04  4.36671674e-16
8.525000e+04  4.49839872e-16
8.645000e+04  4.63055207e-16
8.765000e+04  4.76312916e-16
8.885000e+04  4.89608433e-16
9.005000e+04  5.02937383e-16
9.125000e+04  5.16295577e-16
9.245000e+04  5.29679002e-16
9.365000e+04  5.43083817e-16
9.485000e+04  5.56506347e-16
9.605000e+04  5.69943077e-16
9.725000e+04  5.83390645e-16
9.845000e+04  5.96845834e-16
9.965000e+04  6.10305574e-16
1.008500e+05  6.23766928e-16
1.020500e+05  6.37227091e-16
1.032500e+05  6.50683384e-16
1.044500e+05  6.64133252e-16
1.056500e+05  6.77574252e-16
1.068500e+05  6.91004057e-16
1.080500e+05  7.04420446e-16
1.092500e+05  7.17821301e-16
1.104500e+05  7.31204603e-16
1.116500e+05  7.44568428e-16
1.128500e+05  7.57910944e-16
1.140500e+05  7.71230407e-16
1.152500e+05  7.84525155e-16
1.164500e+05  7.97793610e-16
1.176500e+05  8.11034267e-16
1.188500e+05  8.24245699e-16
1.200500e+05  8.37426548e-16
1.212500e+05  8.50575525e-16
1.224500e+05  8.63691407e-16
1.236500e+05  8.76773034e-16
1.248500e+05  8.89819303e-16
1.260500e+05  9.02829173e-16
1.272500e+05  9.15801656e-16
1.284500e+05  9.28735817e-16
1.296500e+05  9.41630773e-16
1.308500e+05  9.54485689e-16
1.320500e+05  9.67299777e-16
1.332500e+05  9.80072294e-16
1.344500e+05  9.92802539e-16
1.356500e+05  1.00548985e-15
1.368500e+05  1.01813362e-15
1.380500e+05  1.03073325e-15
1.392500e+05  1.04328820e-15
1.404500e+05  1.05579796e-15
1.416500e+05  1.06826206e-15
1.428500e+05  1.08068004e-15
1.440500e+05  1.09305149e-15
1.452500e+05  1.10537604e-15
1.464500e+05  1.11765330e-15
1.476500e+05  1.12988297e-15
1.488500e+05  1.14206473e-15
1.500500e+05  1.15419829e-15
1.512500e+05  1.16628342e-15
1.524500e+05  1.17831986e-15
1.536500e+05  1.19030740e-15
1.548500e+05  1.20224586e-15
1.560500e+05  1.21413507e-15
1.572500e+05  1.22597486e-15
1.584500e+05  1.23776510e-15
1.596500e+05  1.24950568e-15
1.608500e+05  1.26119649e-15
1.620500e+05  1.27283746e-15
1.632500e+05  1.28442850e-15
1.644500e+05  1.29596956e-15
1.656500e+05  1.30746061e-15
1.668500e+05  1.31890161e-15
1.680500e+05  1.33029255e-15
1.692500e+05  1.34163343e-15
1.704500e+05  1.35292425e-15
1.716500e+05  1.36416504e-15
1.728500e+05  1.37535582e-15
1.740500e+05  1.38649663e-15
1.752500e+05  1.39758753e-15
1.764500e+05  1.40862857e-15
1.776500e+05  1.41961983e-15
1.788500e+05  1.43056137e-15
1.800500e+05  1.44145329e-15
1.812500e+05  1.45229567e-15
1.824500e+05  1.46308862e-15
1.836500e+05  1.47383224e-15
1.848500e+05  1.48452664e-15
1.860500e+05  1.49517195e-15
1.872500e+05  1.50576829e-15
1.884500e+05  1.51631579e-15
1.896500e+05  1.52681459e-15
1.908500e+05  1.53726483e-15
1.920500e+05  1.54766665e-15
1.932500e+05  1.55802021e-15
1.944500e+05  1.56832566e-15
1.956500e+05  1.57858317e-15
1.968500e+05  1.58879289e-15
1.980500e+05  1.59895500e-15
1.992500e+05  1.60906966e-15
2.004500e+05  1.61913705e-15
2.016500e+05  1.62915735e-15
2.028500e+05  1.63913074e-15
2.040500e+05  1.64905740e-15
2.052500e+05  1.65893751e-15
2.064500e+05  1.66877127e-15
2.076500e+05  1.67855887e-15
2.088500e+05  1.68830049e-15
2.100500e+05  1.69799634e-15
2.112500e+05  1.70764662e-15
2.124500e+05  1.71725151e-15
2.136500e+05  1.72681122e-15
2.148500e+05  1.73632595e-15
2.160500e+05  1.74579591e-15
2.172500e+05  1.75522129e-15
2.184500e+05  1.76460231e-15
2.196500e+05  1.77393918e-15
2.208500e+05  1.78323209e-15
2.220500e+05  1.79248126e-15
2.232500e+05  1.80168690e-15
2.244500e+05  1.81084921e-15
2.256500e+05  1.81996841e-15
2.268500e+05  1.82904471e-15
2.280500e+05  1.83807833e-15
2.292500e+05  1.84706946e-15
2.304500e+05  1.85601833e-15
2.316500e+05  1.86492515e-15
2.328500e+05  1.87379014e-15
2.340500e+05  1.88261349e-15
2.352500e+05  1.89139544e-15
2.364500e+05  1.90013618e-15
2.376500e+05  1.90883594e-15
2.388500e+05  1.91749493e-15
2.400500e+05  1.92611336e-15
2.412500e+05  1.93469144e-15
2.424500e+05  1.94322939e-15
2.436500e+05  1.95172741e-15
2.448500e+05  1.96018573e-15
2.460500e+05  1.96860454e-15
2.472500e+05  1.97698407e-15
2.484500e+05  1.98532453e-15
2.496500e+05  1.99362612e-15
2.508500e+05  2.00188905e-15
2.520500e+05  2.01011354e-15
2.532500e+05  2.01829979e-15
2.544500e+05  2.02644801e-15
2.556500e+05  2.03455841e-15
2.568500e+05  2.04263119e-15
2.580500e+05  2.05066657e-15
2.592500e+05  2.05866474e-15
2.604500e+05  2.06662592e-15
2.616500e+05  2.07455031e-15
2.628500e+05  2.08243810e-15
2.640500e+05  2.09028951e-15
2.652500e+05  2.09810474e-15
2.664500e+05  2.10588398e-15
2.676500e+05  2.11362744e-15
2.688500e+05  2.12133532e-15
2.700500e+05  2.12900781e-15
2.712500e+05  2.13664512e-15
2.724500e+05  2.14424744e-15
2.736500e+05  2.15181496e-15
2.748500e+05  2.15934789e-15
2.760500e+05  2.16684642e-15
2.772500e+05  2.17431073e-15
2.784500e+05  2.18174103e-15
2.796500e+05  2.18913750e-15
2.808500e+05  2.19650034e-15
2.820500e+05  2.20382973e-15
2.832500e+05  2.21112586e-15
2.844500e+05  2.21838893e-15
2.856500e+05  2.22561912e-15
2.868500e+05  2.23281661e-15
2.880500e+05  2.23998159e-15
2.892500e+05  2.24711425e-15
2.904500e+05  2.25421476e-15
2.916500e+05  2.26128331e-15
2.928500e+05  2.26832008e-15
2.940500e+05  2.27532525e-15
2.952500e+05  2.28229900e-15
2.964500e+05  2.28924150e-15
2.976500e+05  2.29615294e-15
2.988500e+05  2.30303349e-15
3.000500e+05  2.30988333e-15
3.012500e+05  2.31670262e-15
3.024500e+05  2.32349155e-15
3.036500e+05  2.33025028e-15
3.048500e+05  2.33697899e-15
3.060500e+05  2.34367784e-15
3.072500e+05  2.35034701e-15
3.084500e+05  2.35698666e-15
3.096500e+05  2.36359697e-15
3.108500e+05  2.37017809e-15
3.120500e+05  2.37673019e-15
3.132500e+05  2.38325343e-15
3.144500e+05  2.38974799e-15
3.156500e+05  2.39621402e-15
3.168500e+05  2.40265167e-15
3.180500e+05  2.40906113e-15
3.192500e+05  2.41544253e-15
3.204500e+05  2.42179604e-15
3.216500e+05  2.42812182e-15
3.228500e+05  2.43442003e-15
3.240500e+05  2.44069081e-15
3.252500e+05  2.44693433e-15
3.264500e+05  2.45315073e-15
3.276500e+05  2.45934017e-15
3.288500e+05  2.46550281e-15
3.300500e+05  2.47163878e-15
3.312500e+05  2.47774825e-15
3.324500e+05  2.48383135e-15
3.336500e+05  2.48988824e-15
3.348500e+05  2.49591907e-15
3.360500e+05  2.50192398e-15
3.372500e+05  2.50790311e-15
3.384500e+05  2.51385661e-15
3.396500e+05  2.51978462e-15
3.408500e+05  2.52568729e-15
3.420500e+05  2.53156475e-15
3.432500e+05  2.53741715e-15
3.444500e+05  2.54324462e-15
3.456500e+05  2.54904731e-15
3.468500e+05  2.55482535e-15
3.480500e+05  2.56057887e-15
3.492500e+05  2.56630803e-15
3.504500e+05  2.57201294e-15
3.516500e+05  2.57769374e-15
3.528500e+05  2.58335057e-15
3.540500e+05  2.58898356e-15
3.552500e+05  2.59459284e-15
3.564500e+05  2.60017854e-15
3.576500e+05  2.60574080e-15
3.588500e+05  2.61127973e-15
3.600500e+05  2.61679547e-15
3.612500e+05  2.62228815e-15
3.624500e+05  2.62775789e-15
3.636500e+05  2.63320482e-15
3.648500e+05  2.63862906e-15
3.660500e+05  2.64403074e-15
3.672500e+05  2.64940998e-15
3.684500e+05  2.65476690e-15
3.696500e+05  2.66010163e-15
3.708500e+05  2.66541428e-15
3.720500e+05  2.67070497e-15
3.732500e+05  2.67597384e-15
3.744500e+05  2.68122098e-15
3.756500e+05  2.68644653e-15
3.768500e+05  2.69165059e-15
3.780500e+05  2.69683328e-15
3.792500e+05  2.70199473e-15
3.804500e+05  2.70713504e-15
3.816500e+05  2.71225433e-15
3.828500e+05  2.71735271e-15
3.840500e+05  2.72243029e-15
3.852500e+05  2.72748719e-15
3.864500e+05  2.73252352e-15
3.876500e+05  2.73753938e-15
3.888500e+05  2.74253488e-15
3.900500e+05  2.74751015e-15
3.912500e+05  2.75246527e-15
3.924500e+05  2.75740037e-15
3.936500e+05  2.76231554e-15
3.948500e+05  2.76721090e-15
3.960500e+05  2.77208654e-15
3.972500e+05  2.77694258e-15
3.984500e+05  2.78177912e-15
3.996500e+05  2.78659625e-15
4.008500e+05  2.79139409e-15
4.020500e+05  2.79617274e-15
4.032500e+05  2.80093229e-15
4.044500e+05  2.80567284e-15
4.056500e+05  2.81039451e-15
4.068500e+05  2.81509738e-15
4.080500e+05  2.81978155e-15
4.092500e+05  2.82444713e-15
4.104500e+05  2.82909420e-15
4.116500e+05  2.83372288e-15
4.128500e+05  2.83833324e-15
4.140500e+05  2.84292540e-15
4.152500e+05  2.84749943e-15
4.164500e+05  2.85205545e-15
4.176500e+05  2.85659354e-15
4.188500e+05  2.86111379e-15
4.200500e+05  2.86561630e-15
4.212500e+05  2.87010115e-15
4.224500e+05  2.87456845e-15
4.236500e+05  2.87901828e-15
4.248500e+05  2.88345072e-15
4.260500e+05  2.88786588e-15
4.272500e+05  2.89226384e-15
4.284500e+05  2.89664468e-15
4.296500e+05  2.90100850e-15
4.308500e+05  2.90535538e-15
4.320500e+05  2.90968541e-15
4.332500e+05  2.91399868e-15
4.344500e+05  2.91829527e-15
4.356500e+05  2.92257526e-15
4.368500e+05  2.92683874e-15
4.380500e+05  2.93108580e-15
4.392500e+05  2.93531651e-15
4.404500e+05  2.93953097e-15
4.416500e+05  2.94372924e-15
4.428500e+05  2.94791143e-15
4.440500e+05  2.95207759e-15
4.452500e+05  2.95622783e-15
4.464500e+05  2.96036221e-15
4.476500e+05  2.96448082e-15
4.488500e+05  2.96858373e-15
4.500500e+05  2.97267103e-15
4.512500e+05  2.97674279e-15
4.524500e+05  2.98079909e-15
4.536500e+05  2.98484001e-15
4.548500e+05  2.98886563e-15
4.560500e+05  2.99287602e-15
4.572500e+05  2.99687125e-15
4.584500e+05  3.00085140e-15
4.596500e+05  3.00481655e-15
4.608500e+05  3.00876678e-15
4.620500e+05  3.01270214e-15
4.632500e+05  3.01662273e-15
4.644500e+05  3.02052861e-15
4.656500e+05  3.02441985e-15
4.668500e+05  3.02829653e-15
4.680500e+05  3.03215872e-15
4.692500e+05  3.03600648e-15
4.704500e+05  3.03983990e-15
4.716500e+05  3.04365904e-15
4.728500e+05  3.04746396e-15
4.740500e+05  3.05125475e-15
4.752500e+05  3.05503146e-15
4.764500e+05  3.05879418e-15
4.776500e+05  3.06254295e-15
4.788500e+05  3.06627786e-15
4.800500e+05  3.06999897e-15
4.812500e+05  3.07370635e-15
4.824500e+05  3.07740006e-15
4.836500e+05  3.08108017e-15
4.848500e+05  3.08474675e-15
4.860500e+05  3.08839985e-15
4.872500e+05  3.09203956e-15
4.884500e+05  3.09566592e-15
4.896500e+05  3.09927900e-15
4.908500e+05  3.10287888e-15
4.920500e+05  3.10646560e-15
4.932500e+05  3.11003924e-15
4.944500e+05  3.11359986e-15
4.956500e+05  3.11714751e-15
4.968500e+05  3.12068227e-15
4.980500e+05  3.12420418e-15
4.992500e+05  3.12771332e-15
5.004500e+05  3.13120975e-15
5.016500e+05  3.13469351e-15
5.028500e+05  3.13816468e-15
5.040500e+05  3.14162331e-15
5.052500e+05  3.14506947e-15
5.064500e+05  3.14850321e-15
5.076500e+05  3.15192458e-15
5.088500e+05  3.15533366e-15
5.100500e+05  3.15873048e-15
5.112500e+05  3.16211513e-15
5.124500e+05  3.16548764e-15
5.136500e+05  3.16884808e-15
5.148500e+05  3.17219650e-15
5.160500e+05  3.17553296e-15
5.172500e+05  3.17885752e-15
5.184500e+05  3.18217022e-15
5.196500e+05  3.18547114e-15
5.208500e+05  3.18876031e-15
5.220500e+05  3.19203780e-15
5.232500e+05  3.19530365e-15
5.244500e+05  3.19855793e-15
5.256500e+05  3.20180068e-15
5.268500e+05  3.20503197e-15
5.280500e+05  3.20825183e-15
5.292500e+05  3.21146033e-15
5.304500e+05  3.21465752e-15
5.316500e+05  3.21784344e-15
5.328500e+05  3.22101816e-15
5.340500e+05  3.22418171e-15
5.352500e+05  3.22733416e-15
5.364500e+05  3.23047555e-15
5.376500e+05  3.23360594e-15
5.388500e+05  3.23672537e-15
5.400500e+05  3.23983389e-15
5.412500e+05  3.24293155e-15
5.424500e+05  3.24601841e-15
5.436500e+05  3.24909450e-15
5.448500e+05  3.25215989e-15
5.460500e+05  3.25521462e-15
5.472500e+05  3.25825873e-15
5.484500e+05  3.26129227e-15
5.496500e+05  3.26431530e-15
5.508500e+05  3.26732785e-15
5.520500e+05  3.27032998e-15
5.532500e+05  3.27332174e-15
5.544500e+05  3.27630316e-15
5.556500e+05  3.27927430e-15
5.568500e+05  3.28223519e-15
5.580500e+05  3.28518590e-15
5.592500e+05  3.28812645e-15
5.604500e+05  3.29105691e-15
5.616500e+05  3.29397730e-15
5.628500e+05  3.29688769e-15
5.640500e+05  3.29978810e-15
5.652500e+05  3.30267859e-15
5.664500e+05  3.30555919e-15
5.676500e+05  3.30842996e-15
5.688500e+05  3.31129094e-15
5.700500e+05  3.31414216e-15
5.712500e+05  3.31698368e-15
5.724500e+05  3.31981553e-15
5.736500e+05  3.32263776e-15
5.748500e+05  3.32545040e-15
5.760500e+05  3.32825351e-15
5.772500e+05  3.33104712e-15
5.784500e+05  3.33383127e-15
5.796500e+05  3.33660601e-15
5.808500e+05  3.33937138e-15
5.820500e+05  3.34212741e-15
5.832500e+05  3.34487415e-15
5.844500e+05  3.34761164e-15
5.856500e+05  3.35033992e-15
5.868500e+05  3.35305902e-15
5.880500e+05  3.35576899e-15
5.892500e+05  3.35846987e-15
5.904500e+05  3.36116169e-15
5.916500e+05  3.36384450e-15
5.928500e+05  3.36651833e-15
5.940500e+05  3.36918323e-15
5.952500e+05  3.37183922e-15
5.964500e+05  3.37448635e-15
5.976500e+05  3.37712466e-15
5.988500e+05  3.37975419e-15
6.000500e+05  3.38237496e-15
6.012500e+05  3.38498703e-15
6.024500e+05  3.38759042e-15
6.036500e+05  3.39018517e-15
6.048500e+05  3.39277132e-15
6.060500e+05  3.39534891e-15
6.072500e+05  3.39791797e-15
6.084500e+05  3.40047854e-15
6.096500e+05  3.40303065e-15
6.108500e+05  3.40557435e-15
6.120500e+05  3.40810966e-15
6.132500e+05  3.41063662e-15
6.144500e+05  3.41315526e-15
6.156500e+05  3.41566563e-15
6.168500e+05  3.41816775e-15
6.180500e+05  3.42066166e-15
6.192500e+05  3.42314739e-15
6.204500e+05  3.42562499e-15
6.216500e+05  3.42809447e-15
6.228500e+05  3.43055589e-15
6.240500e+05  3.43300926e-15
6.252500e+05  3.43545463e-15
6.264500e+05  3.43789202e-15
6.276500e+05  3.44032147e-15
6.288500e+05  3.44274301e-15
6.300500e+05  3.44515668e-15
6.312500e+05  3.44756251e-15
6.324500e+05  3.44996053e-15
6.336500e+05  3.45235076e-15
6.348500e+05  3.45473326e-15
6.360500e+05  3.45710804e-15
6.372500e+05  3.45947514e-15
6.384500e+05  3.46183458e-15
6.396500e+05  3.46418641e-15
6.408500e+05  3.46653065e-15
6.420500e+05  3.46886733e-15
6.432500e+05  3.47119649e-15
6.444500e+05  3.47351815e-15
6.456500e+05  3.47583235e-15
6.468500e+05  3.47813911e-15
6.480500e+05  3.48043847e-15
6.492500e+05  3.48273045e-15
6.504500e+05  3.48501509e-15
6.516500e+05  3.48729241e-15
6.528500e+05  3.48956245e-15
6.540500e+05  3.49182523e-15
6.552500e+05  3.49408079e-15
6.564500e+05  3.49632915e-15
6.576500e+05  3.49857034e-15
6.588500e+05  3.50080439e-15
6.600500e+05  3.50303133e-15
6.612500e+05  3.50525119e-15
6.624500e+05  3.50746400e-15
6.636500e+05  3.50966977e-15
6.648500e+05  3.51186856e-15
6.660500e+05  3.51406037e-15
6.672500e+05  3.51624524e-15
6.684500e+05  3.51842320e-15
6.696500e+05  3.52059426e-15
6.708500e+05  3.52275848e-15
6.720500e+05  3.52491585e-15
6.732500e+05  3.52706643e-15
6.744500e+05  3.52921022e-15
6.756500e+05  3.53134727e-15
6.768500e+05  3.53347759e-15
6.780500e+05  3.53560121e-15
6.792500e+05  3.53771816e-15
6.804500e+05  3.53982846e-15
6.816500e+05  3.54193215e-15
6.828500e+05  3.54402924e-15
6.840500e+05  3.54611977e-15
6.852500e+05  3.54820375e-15
6.864500e+05  3.55028122e-15
6.876500e+05  3.55235219e-15
6.888500e+05  3.55441671e-15
6.900500e+05  3.55647478e-15
6.912500e+05  3.55852644e-15
6.924500e+05  3.56057170e-15
6.936500e+05  3.56261061e-15
6.948500e+05  3.56464317e-15
6.960500e+05  3.56666942e-15
6.972500e+05  3.56868937e-15
6.984500e+05  3.57070306e-15
6.996500e+05  3.57271051e-15
7.008500e+05  3.57471173e-15
7.020500e+05  3.57670677e-15
7.032500e+05  3.57869563e-15
7.044500e+05  3.58067835e-15
7.056500e+05  3.58265494e-15
7.068500e+05  3.58462543e-15
7.080500e+05  3.58658985e-15
7.092500e+05  3.58854821e-15
7.104500e+05  3.59050054e-15
7.116500e+05  3.59244687e-15
7.128500e+05  3.59438721e-15
7.140500e+05  3.59632159e-15
7.152500e+05  3.59825003e-15
7.164500e+05  3.60017256e-15
7.176500e+05  3.60208919e-15
7.188500e+05  3.60399996e-15
7.200500e+05  3.60590487e-15
7.212500e+05  3.60780396e-15
7.224500e+05  3.60969724e-15
7.236500e+05  3.61158474e-15
7.248500e+05  3.61346648e-15
7.260500e+05  3.61534248e-15
7.272500e+05  3.61721276e-15
7.284500e+05  3.61907735e-15
7.296500e+05  3.62093626e-15
7.308500e+05  3.62278952e-15
7.320500e+05  3.62463715e-15
7.332500e+05  3.62647917e-15
7.344500e+05  3.62831559e-15
7.356500e+05  3.63014645e-15
7.368500e+05  3.63197176e-15
7.380500e+05  3.63379154e-15
7.392500e+05  3.63560582e-15
7.404500e+05  3.63741461e-15
7.416500e+05  3.63921793e-15
7.428500e+05  3.64101580e-15
7.440500e+05  3.64280826e-15
7.452500e+05  3.64459530e-15
7.464500e+05  3.64637696e-15
7.476500e+05  3.64815326e-15
7.488500e+05  3.64992421e-15
7.500500e+05  3.65168983e-15
7.512500e+05  3.65345014e-15
7.524500e+05  3.65520517e-15
7.536500e+05  3.65695494e-15
7.548500e+05  3.65869945e-15
7.560500e+05  3.66043874e-15
7.572500e+05  3.66217281e-15
7.584500e+05  3.66390170e-15
7.596500e+05  3.66562541e-15
7.608500e+05  3.66734397e-15
7.620500e+05  3.66905740e-15
7.632500e+05  3.67076571e-15
7.644500e+05  3.67246892e-15
7.656500e+05  3.67416706e-15
7.668500e+05  3.67586014e-15
7.680500e+05  3.67754817e-15
7.692500e+05  3.67923119e-15
7.704500e+05  3.68090919e-15
7.716500e+05  3.68258222e-15
7.728500e+05  3.68425027e-15
7.740500e+05  3.68591337e-15
7.752500e+05  3.68757154e-15
7.764500e+05  3.68922479e-15
7.776500e+05  3.69087315e-15
7.788500e+05  3.69251662e-15
7.800500e+05  3.69415524e-15
7.812500e+05  3.69578900e-15
7.824500e+05  3.69741795e-15
7.836500e+05  3.69904208e-15
7.848500e+05  3.70066141e-15
7.860500e+05  3.70227598e-15
7.872500e+05  3.70388578e-15
7.884500e+05  3.70549084e-15
7.896500e+05  3.70709117e-15
7.908500e+05  3.70868680e-15
7.920500e+05  3.71027773e-15
7.932500e+05  3.71186399e-15
7.944500e+05  3.71344559e-15
7.956500e+05  3.71502255e-15
7.968500e+05  3.71659489e-15
7.980500e+05  3.71816261e-15
7.992500e+05  3.71972574e-15
8.004500e+05  3.72128430e-15
8.016500e+05  3.72283829e-15
8.028500e+05  3.72438774e-15
8.040500e+05  3.72593266e-15
8.052500e+05  3.72747307e-15
8.064500e+05  3.72900898e-15
8.076500e+05  3.73054041e-15
8.088500e+05  3.73206737e-15
8.100500e+05  3.73358989e-15
8.112500e+05  3.73510796e-15
8.124500e+05  3.73662162e-15
8.136500e+05  3.73813088e-15
8.148500e+05  3.73963575e-15
8.160500e+05  3.74113624e-15
8.172500e+05  3.74263238e-15
8.184500e+05  3.74412418e-15
8.196500e+05  3.74561164e-15
8.208500e+05  3.74709480e-15
8.220500e+05  3.74857365e-15
8.232500e+05  3.75004822e-15
8.244500e+05  3.75151853e-15
8.256500e+05  3.75298458e-15
8.268500e+05  3.75444639e-15
8.280500e+05  3.75590398e-15
8.292500e+05  3.75735736e-15
8.304500e+05  3.75880654e-15
8.316500e+05  3.76025154e-15
8.328500e+05  3.76169238e-15
8.340500e+05  3.76312906e-15
8.352500e+05  3.76456160e-15
8.364500e+05  3.76599002e-15
8.376500e+05  3.76741433e-15
8.388500e+05  3.76883455e-15
8.400500e+05  3.77025068e-15
8.412500e+05  3.77166274e-15
8.424500e+05  3.77307075e-15
8.436500e+05  3.77447472e-15
8.448500e+05  3.77587466e-15
8.460500e+05  3.77727059e-15
8.472500e+05  3.77866251e-15
8.484500e+05  3.78005046e-15
8.496500e+05  3.78143442e-15
8.508500e+05  3.78281443e-15
8.520500e+05  3.78419050e-15
8.532500e+05  3.78556263e-15
8.544500e+05  3.78693084e-15
8.556500e+05  3.78829514e-15
8.568500e+05  3.78965555e-15
8.580500e+05  3.79101208e-15
8.592500e+05  3.79236474e-15
8.604500e+05  3.79371355e-15
8.616500e+05  3.79505851e-15
8.628500e+05  3.79639965e-15
8.640500e+05  3.79773697e-15
8.652500e+05  3.79907049e-15
8.664500e+05  3.80040021e-15
8.676500e+05  3.80172616e-15
8.688500e+05  3.80304834e-15
8.700500e+05  3.80436677e-15
8.712500e+05  3.80568146e-15
8.724500e+05  3.80699242e-15
8.736500e+05  3.80829966e-15
8.748500e+05  3.80960320e-15
8.760500e+05  3.81090305e-15
8.772500e+05  3.81219922e-15
8.784500e+05  3.81349172e-15
8.796500e+05  3.81478056e-15
8.808500e+05  3.81606577e-15
8.820500e+05  3.81734734e-15
8.832500e+05  3.81862529e-15
8.844500e+05  3.81989963e-15
8.856500e+05  3.82117038e-15
8.868500e+05  3.82243754e-15
8.880500e+05  3.82370113e-15
8.892500e+05  3.82496116e-15
8.904500e+05  3.82621764e-15
8.916500e+05  3.82747058e-15
8.928500e+05  3.82872000e-15
8.940500e+05  3.82996590e-15
8.952500e+05  3.83120829e-15
8.964500e+05  3.83244720e-15
8.976500e+05  3.83368262e-15
8.988500e+05  3.83491458e-15
9.000500e+05  3.83614307e-15
9.012500e+05  3.83736812e-15
9.024500e+05  3.83858973e-15
9.036500e+05  3.83980792e-15
9.048500e+05  3.84102269e-15
9.060500e+05  3.84223406e-15
9.072500e+05  3.84344204e-15
9.084500e+05  3.84464664e-15
9.096500e+05  3.84584786e-15
9.108500e+05  3.84704573e-15
9.120500e+05  3.84824025e-15
9.132500e+05  3.84943142e-15
9.144500e+05  3.85061927e-15
9.156500e+05  3.85180381e-15
9.168500e+05  3.85298503e-15
9.180500e+05  3.85416296e-15
9.192500e+05  3.85533760e-15
9.204500e+05  3.85650897e-15
9.216500e+05  3.85767708e-15
9.228500e+05  3.85884192e-15
9.240500e+05  3.86000353e-15
9.252500e+05  3.86116190e-15
9.264500e+05  3.86231704e-15
9.276500e+05  3.86346898e-15
9.288500e+05  3.86461770e-15
9.300500e+05  3.86576324e-15
9.312500e+05  3.86690559e-15
9.324500e+05  3.86804477e-15
9.336500e+05  3.86918078e-15
9.348500e+05  3.87031364e-15
9.360500e+05  3.87144335e-15
9.372500e+05  3.87256993e-15
9.384500e+05  3.87369339e-15
9.396500e+05  3.87481373e-15
9.408500e+05  3.87593097e-15
9.420500e+05  3.87704511e-15
9.432500e+05  3.87815616e-15
9.444500e+05  3.87926414e-15
9.456500e+05  3.88036906e-15
9.468500e+05  3.88147091e-15
9.480500e+05  3.88256972e-15
9.492500e+05  3.88366549e-15
9.504500e+05  3.88475823e-15
9.516500e+05  3.88584795e-15
9.528500e+05  3.88693466e-15
9.540500e+05  3.88801836e-15
9.552500e+05  3.88909908e-15
9.564500e+05  3.89017681e-15
9.576500e+05  3.89125157e-15
9.588500e+05  3.89232337e-15
9.600500e+05  3.89339221e-15
9.612500e+05  3.89445810e-15
9.624500e+05  3.89552106e-15
9.636500e+05  3.89658108e-15
9.648500e+05  3.89763819e-15
9.660500e+05  3.89869239e-15
9.672500e+05  3.89974368e-15
9.684500e+05  3.90079209e-15
9.696500e+05  3.90183760e-15
9.708500e+05  3.90288025e-15
9.720500e+05  3.90392002e-15
9.732500e+05  3.90495694e-15
9.744500e+05  3.90599100e-15
9.756500e+05  3.90702223e-15
9.768500e+05  3.90805062e-15
9.780500e+05  3.90907619e-15
9.792500e+05  3.91009895e-15
9.804500e+05  3.91111889e-15
9.816500e+05  3.91213604e-15
9.828500e+05  3.91315040e-15
9.840500e+05  3.91416197e-15
9.852500e+05  3.91517078e-15
9.864500e+05  3.91617681e-15
9.876500e+05  3.91718009e-15
9.888500e+05  3.91818062e-15
9.900500e+05  3.91917841e-15
9.912500e+05  3.92017347e-15
9.924500e+05  3.92116580e-15
9.936500e+05  3.92215542e-15
9.948500e+05  3.92314233e-15
9.960500e+05  3.92412653e-15
9.972500e+05  3.92510805e-15
9.984500e+05  3.92608688e-15
9.996500e+05  3.92706303e-15
1.000850e+06  3.92803652e-15
1.002050e+06  3.92900734e-15
1.003250e+06  3.92997552e-15
1.004450e+06  3.93094104e-15
1.005650e+06  3.93190393e-15
1.006850e+06  3.93286419e-15
1.008050e+06  3.93382183e-15
1.009250e+06  3.93477685e-15
1.010450e+06  3.93572927e-15
1.011650e+06  3.93667908e-15
1.012850e+06  3.93762631e-15
1.014050e+06  3.93857095e-15
1.015250e+06  3.93951301e-15
1.016450e+06  3.94045251e-15
1.017650e+06  3.94138944e-15
1.018850e+06  3.94232382e-15
1.020050e+06  3.94325565e-15
1.021250e+06  3.94418495e-15
1.022450e+06  3.94511171e-15
1.023650e+06  3.94603594e-15
1.024850e+06  3.94695766e-15
1.026050e+06  3.94787687e-15
1.027250e+06  3.94879358e-15
1.028450e+06  3.94970779e-15
1.029650e+06  3.95061951e-15
1.030850e+06  3.95152874e-15
1.032050e+06  3.95243551e-15
1.033250e+06  3.95333980e-15
1.034450e+06  3.95424164e-15
1.035650e+06  3.95514102e-15
1.036850e+06  3.95603796e-15
1.038050e+06  3.95693245e-15
1.039250e+06  3.95782452e-15
1.040450e+06  3.95871416e-15
1.041650e+06  3.95960138e-15
1.042850e+06  3.96048618e-15
1.044050e+06  3.96136858e-15
1.045250e+06  3.96224859e-15
1.046450e+06  3.96312620e-15
1.047650e+06  3.96400143e-15
1.048850e+06  3.96487428e-15
1.050050e+06  3.96574475e-15
1.051250e+06  3.96661287e-15
1.052450e+06  3.96747862e-15
1.053650e+06  3.96834202e-15
1.054850e+06  3.96920308e-15
1.056050e+06  3.97006180e-15
1.057250e+06  3.97091819e-15
1.058450e+06  3.97177225e-15
1.059650e+06  3.97262399e-15
1.060850e+06  3.97347342e-15
1.062050e+06  3.97432055e-15
1.063250e+06  3.97516537e-15
1.064450e+06  3.97600790e-15
1.065650e+06  3.97684814e-15
1.066850e+06  3.97768611e-15
1.068050e+06  3.97852180e-15
1.069250e+06  3.97935522e-15
1.070450e+06  3.98018638e-15
1.071650e+06  3.98101528e-15
1.072850e+06  3.98184194e-15
1.074050e+06  3.98266635e-15
1.075250e+06  3.98348852e-15
1.076450e+06  3.98430846e-15
1.077650e+06  3.98512618e-15
1.078850e+06  3.98594168e-15
1.080050e+06  3.98675497e-15
1.081250e+06  3.98756605e-15
1.082450e+06  3.98837493e-15
1.083650e+06  3.98918161e-15
1.084850e+06  3.98998611e-15
1.086050e+06  3.99078842e-15
1.087250e+06  3.99158856e-15
1.088450e+06  3.99238652e-15
1.089650e+06  3.99318233e-15
1.090850e+06  3.99397597e-15
1.092050e+06  3.99476745e-15
1.093250e+06  3.99555679e-15
1.094450e+06  3.99634399e-15
1.095650e+06  3.99712906e-15
1.096850e+06  3.99791199e-15
1.098050e+06  3.99869279e-15
1.099250e+06  3.99947148e-15
1.100450e+06  4.00024806e-15
1.101650e+06  4.00102253e-15
1.102850e+06  4.00179489e-15
1.104050e+06  4.00256516e-15
1.105250e+06  4.00333334e-15
1.106450e+06  4.00409943e-15
1.107650e+06  4.00486345e-15
1.108850e+06  4.00562539e-15
1.110050e+06  4.00638526e-15
1.111250e+06  4.00714306e-15
1.112450e+06  4.00789881e-15
1.113650e+06  4.00865251e-15
1.114850e+06  4.00940416e-15
1.116050e+06  4.01015377e-15
1.117250e+06  4.01090134e-15
1.118450e+06  4.01164689e-15
1.119650e+06  4.01239040e-15
1.120850e+06  4.01313190e-15
1.122050e+06  4.01387138e-15
1.123250e+06  4.01460885e-15
1.124450e+06  4.01534432e-15
1.125650e+06  4.01607779e-15
1.126850e+06  4.01680926e-15
1.128050e+06  4.01753875e-15
1.129250e+06  4.01826625e-15
1.130450e+06  4.01899178e-15
1.131650e+06  4.01971533e-15
1.132850e+06  4.02043691e-15
1.134050e+06  4.02115653e-15
1.135250e+06  4.02187419e-15
1.136450e+06  4.02258990e-15
1.137650e+06  4.02330366e-15
1.138850e+06  4.02401548e-15
1.140050e+06  4.02472536e-15
1.141250e+06  4.02543330e-15
1.142450e+06  4.02613932e-15
1.143650e+06  4.02684342e-15
1.144850e+06  4.02754560e-15
1.146050e+06  4.02824586e-15
1.147250e+06  4.02894422e-15
1.148450e+06  4.02964067e-15
1.149650e+06  4.03033523e-15
1.150850e+06  4.03102789e-15
1.152050e+06  4.03171866e-15
1.153250e+06  4.03240754e-15
1.154450e+06  4.03309455e-15
1.155650e+06  4.03377969e-15
1.156850e+06  4.03446295e-15
1.158050e+06  4.03514435e-15
1.159250e+06  4.03582388e-15
1.160450e+06  4.03650157e-15
1.161650e+06  4.03717740e-15
1.162850e+06  4.03785138e-15
1.164050e+06  4.03852352e-15
1.165250e+06  4.03919383e-15
1.166450e+06  4.03986230e-15
1.167650e+06  4.04052894e-15
1.168850e+06  4.04119377e-15
1.170050e+06  4.04185677e-15
1.171250e+06  4.04251795e-15
1.172450e+06  4.04317733e-15
1.173650e+06  4.04383490e-15
1.174850e+06  4.04449067e-15
1.176050e+06  4.04514465e-15
1.177250e+06  4.04579683e-15
1.178450e+06  4.04644723e-15
1.179650e+06  4.04709584e-15
1.180850e+06  4.04774267e-15
1.182050e+06  4.04838773e-15
1.183250e+06  4.04903102e-15
1.184450e+06  4.04967254e-15
1.185650e+06  4.05031230e-15
1.186850e+06  4.05095030e-15
1.188050e+06  4.05158655e-15
1.189250e+06  4.05222106e-15
1.190450e+06  4.05285381e-15
1.191650e+06  4.05348483e-15
1.192850e+06  4.05411411e-15
1.194050e+06  4.05474166e-15
1.195250e+06  4.05536749e-15
1.196450e+06  4.05599159e-15
1.197650e+06  4.05661397e-15
1.198850e+06  4.05723464e-15
