5.000000e+01  0.00000000e+00
1.250000e+03  1.16152211e-63
2.450000e+03  1.59586589e-39
3.650000e+03  3.24489701e-31
4.850000e+03  5.36931390e-27
6.050000e+03  1.94192576e-24
7.250000e+03  1.01952497e-22
8.450000e+03  1.76286211e-21
9.650000e+03  1.51647976e-20
1.085000e+04  8.17186352e-20
1.205000e+04  3.16946401e-19
1.325000e+04  9.66859480e-19
1.445000e+04  2.46168282e-18
1.565000e+04  5.45124294e-18
1.685000e+04  1.08138337e-17
1.805000e+04  1.96388623e-17
1.925000e+04  3.31892799e-17
2.045000e+04  5.28519900e-17
2.165000e+04  8.00840277e-17
2.285000e+04  1.16360578e-16
2.405000e+04  1.63128828e-16
2.525000e+04  2.21769794e-16
2.645000e+04  2.93568806e-16
2.765000e+04  3.79694395e-16
2.885000e+04  4.81184737e-16
3.005000e+04  5.98940511e-16
3.125000e+04  7.33722994e-16
3.245000e+04  8.86156206e-16
3.365000e+04  1.05673211e-15
3.485000e+04  1.24581791e-15
3.605000e+04  1.45366484e-15
3.725000e+04  1.68041767e-15
3.845000e+04  1.92612464e-15
3.965000e+04  2.19074741e-15
4.085000e+04  2.47417078e-15
4.205000e+04  2.77621193e-15
4.325000e+04  3.09662923e-15
4.445000e+04  3.43513036e-15
4.565000e+04  3.79137988e-15
4.685000e+04  4.16500605e-15
4.805000e+04  4.55560708e-15
4.925000e+04  4.96275676e-15
5.045000e+04  5.38600946e-15
5.165000e+04  5.82490460e-15
5.285000e+04  6.27897061e-15
5.405000e+04  6.74772846e-15
5.525000e+04  7.23069464e-15
5.645000e+04  7.72738388e-15
5.765000e+04  8.23731146e-15
5.885000e+04  8.75999516e-15
6.005000e+04  9.29495702e-15
6.125000e+04  9.84172473e-15
6.245000e+04  1.03998329e-14
6.365000e+04  1.09688241e-14
6.485000e+04  1.15482496e-14
6.605000e+04  1.21376702e-14
6.725000e+04  1.27366565e-14
6.845000e+04  1.33447900e-14
6.965000e+04  1.39616623e-14
7.085000e+04  1.45868766e-14
7.205000e+04  1.52200467e-14
7.325000e+04  1.58607981e-14
7.445000e+04  1.65087670e-14
7.565000e+04  1.71636013e-14
7.685000e+04  1.78249597e-14
7.805000e+04  1.84925119e-14
7.925000e+04  1.91659387e-14
8.045000e+04  1.98449313e-14
8.165000e+04  2.05291916e-14
8.285000e+04  2.12184318e-14
8.405000e+04  2.19123740e-14
8.525000e+04  2.26107502e-14
8.645000e+04  2.33133021e-14
8.765000e+04  2.40197807e-14
8.885000e+04  2.47299460e-14
9.005000e+04  2.54435669e-14
9.125000e+04  2.61604208e-14
9.245000e+04  2.68802937e-14
9.365000e+04  2.76029793e-14
9.485000e+04  2.83282793e-14
9.605000e+04  2.90560031e-14
9.725000e+04  2.97859670e-14
9.845000e+04  3.05179950e-14
9.965000e+04  3.12519173e-14
1.008500e+05  3.19875711e-14
1.020500e+05  3.27248000e-14
1.032500e+05  3.34634536e-14
1.044500e+05  3.42033874e-14
1.056500e+05  3.49444629e-14
1.068500e+05  3.56865470e-14
1.080500e+05  3.64295117e-14
1.092500e+05  3.71732346e-14
1.104500e+05  3.79175978e-14
1.116500e+05  3.86624886e-14
1.128500e+05  3.94077986e-14
1.140500e+05  4.01534238e-14
1.152500e+05  4.08992648e-14
1.164500e+05  4.16452260e-14
1.176500e+05  4.23912159e-14
1.188500e+05  4.31371466e-14
1.200500e+05  4.38829342e-14
1.212500e+05  4.46284981e-14
1.224500e+05  4.53737611e-14
1.236500e+05  4.61186494e-14
1.248500e+05  4.68630922e-14
1.260500e+05  4.76070216e-14
1.272500e+05  4.83503731e-14
1.284500e+05  4.90930844e-14
1.296500e+05  4.98350962e-14
1.308500e+05  5.05763518e-14
1.320500e+05  5.13167969e-14
1.332500e+05  5.20563796e-14
1.344500e+05  5.27950503e-14
1.356500e+05  5.35327617e-14
1.368500e+05  5.42694684e-14
1.380500e+05  5.50051272e-14
1.392500e+05  5.57396969e-14
1.404500e+05  5.64731381e-14
1.416500e+05  5.72054132e-14
1.428500e+05  5.79364865e-14
1.440500e+05  5.86663237e-14
1.452500e+05  5.93948922e-14
1.464500e+05  6.01221613e-14
1.476500e+05  6.08481011e-14
1.488500e+05  6.15726838e-14
1.500500e+05  6.22958826e-14
1.512500e+05  6.30176721e-14
1.524500e+05  6.37380281e-14
1.536500e+05  6.44569277e-14
1.548500e+05  6.51743491e-14
1.560500e+05  6.58902718e-14
1.572500e+05  6.66046761e-14
1.584500e+05  6.73175436e-14
1.596500e+05  6.80288566e-14
1.608500e+05  6.87385987e-14
1.620500e+05  6.94467540e-14
1.632500e+05  7.01533079e-14
1.644500e+05  7.08582465e-14
1.656500e+05  7.15615564e-14
1.668500e+05  7.22632255e-14
1.680500e+05  7.29632420e-14
1.692500e+05  7.36615952e-14
1.704500e+05  7.43582747e-14
1.716500e+05  7.50532710e-14
1.728500e+05  7.57465753e-14
1.740500e+05  7.64381791e-14
1.752500e+05  7.71280748e-14
1.764500e+05  7.78162553e-14
1.776500e+05  7.85027137e-14
1.788500e+05  7.91874442e-14
1.800500e+05  7.98704410e-14
1.812500e+05  8.05516989e-14
1.824500e+05  8.12312134e-14
1.836500e+05  8.19089801e-14
1.848500e+05  8.25849951e-14
1.860500e+05  8.32592551e-14
1.872500e+05  8.39317570e-14
1.884500e+05  8.46024981e-14
1.896500e+05  8.52714760e-14
1.908500e+05  8.59386888e-14
1.920500e+05  8.66041347e-14
1.932500e+05  8.72678124e-14
1.944500e+05  8.79297209e-14
1.956500e+05  8.85898593e-14
1.968500e+05  8.92482271e-14
1.980500e+05  8.99048241e-14
1.992500e+05  9.05596502e-14
2.004500e+05  9.12127058e-14
2.016500e+05  9.18639912e-14
2.028500e+05  9.25135071e-14
2.040500e+05  9.31612545e-14
2.052500e+05  9.38072344e-14
2.064500e+05  9.44514481e-14
2.076500e+05  9.50938970e-14
2.088500e+05  9.57345829e-14
2.100500e+05  9.63735075e-14
2.112500e+05  9.70106727e-14
2.124500e+05  9.76460807e-14
2.136500e+05  9.82797338e-14
2.148500e+05  9.89116344e-14
2.160500e+05  9.95417849e-14
2.172500e+05  1.00170188e-13
2.184500e+05  1.00796847e-13
2.196500e+05  1.01421764e-13
2.208500e+05  1.02044942e-13
2.220500e+05  1.02666385e-13
2.232500e+05  1.03286095e-13
2.244500e+05  1.03904077e-13
2.256500e+05  1.04520333e-13
2.268500e+05  1.05134866e-13
2.280500e+05  1.05747681e-13
2.292500e+05  1.06358782e-13
2.304500e+05  1.06968170e-13
2.316500e+05  1.07575852e-13
2.328500e+05  1.08181830e-13
2.340500e+05  1.08786108e-13
2.352500e+05  1.09388691e-13
2.364500e+05  1.09989581e-13
2.376500e+05  1.10588785e-13
2.388500e+05  1.11186304e-13
2.400500e+05  1.11782145e-13
2.412500e+05  1.12376310e-13
2.424500e+05  1.12968805e-13
2.436500e+05  1.13559633e-13
2.448500e+05  1.14148799e-13
2.460500e+05  1.14736308e-13
2.472500e+05  1.15322163e-13
2.484500e+05  1.15906369e-13
2.496500e+05  1.16488930e-13
2.508500e+05  1.17069852e-13
2.520500e+05  1.17649139e-13
2.532500e+05  1.18226794e-13
2.544500e+05  1.18802824e-13
2.556500e+05  1.19377231e-13
2.568500e+05  1.19950022e-13
2.580500e+05  1.20521200e-13
2.592500e+05  1.21090770e-13
2.604500e+05  1.21658737e-13
2.616500e+05  1.22225106e-13
2.628500e+05  1.22789881e-13
2.640500e+05  1.23353067e-13
2.652500e+05  1.23914669e-13
2.664500e+05  1.24474690e-13
2.676500e+05  1.25033137e-13
2.688500e+05  1.25590014e-13
2.700500e+05  1.26145325e-13
2.712500e+05  1.26699075e-13
2.724500e+05  1.27251270e-13
2.736500e+05  1.27801913e-13
2.748500e+05  1.28351009e-13
2.760500e+05  1.28898564e-13
2.772500e+05  1.29444581e-13
2.784500e+05  1.29989066e-13
2.796500e+05  1.30532024e-13
2.808500e+05  1.31073459e-13
2.820500e+05  1.31613375e-13
2.832500e+05  1.32151779e-13
2.844500e+05  1.32688673e-13
2.856500e+05  1.33224064e-13
2.868500e+05  1.33757956e-13
2.880500e+05  1.34290353e-13
2.892500e+05  1.34821260e-13
2.904500e+05  1.35350682e-13
2.916500e+05  1.35878624e-13
2.928500e+05  1.36405090e-13
2.940500e+05  1.36930085e-13
2.952500e+05  1.37453614e-13
2.964500e+05  1.37975681e-13
2.976500e+05  1.38496291e-13
2.988500e+05  1.39015449e-13
3.000500e+05  1.39533159e-13
3.012500e+05  1.40049426e-13
3.024500e+05  1.40564255e-13
3.036500e+05  1.41077650e-13
3.048500e+05  1.41589616e-13
3.060500e+05  1.42100157e-13
3.072500e+05  1.42609278e-13
3.084500e+05  1.43116984e-13
3.096500e+05  1.43623278e-13
3.108500e+05  1.44128167e-13
3.120500e+05  1.44631654e-13
3.132500e+05  1.45133743e-13
3.144500e+05  1.45634440e-13
3.156500e+05  1.46133748e-13
3.168500e+05  1.46631673e-13
3.180500e+05  1.47128219e-13
3.192500e+05  1.47623389e-13
3.204500e+05  1.48117190e-13
3.216500e+05  1.48609625e-13
3.228500e+05  1.49100698e-13
3.240500e+05  1.49590414e-13
3.252500e+05  1.50078778e-13
3.264500e+05  1.50565793e-13
3.276500e+05  1.51051465e-13
3.288500e+05  1.51535797e-13
3.300500e+05  1.52018794e-13
3.312500e+05  1.52500461e-13
3.324500e+05  1.52980801e-13
3.336500e+05  1.53459819e-13
3.348500e+05  1.53937520e-13
3.360500e+05  1.54413907e-13
3.372500e+05  1.54888985e-13
3.384500e+05  1.55362758e-13
3.396500e+05  1.55835230e-13
3.408500e+05  1.56306406e-13
3.420500e+05  1.56776290e-13
3.432500e+05  1.57244886e-13
3.444500e+05  1.57712198e-13
3.456500e+05  1.58178230e-13
3.468500e+05  1.58642988e-13
3.480500e+05  1.59106474e-13
3.492500e+05  1.59568693e-13
3.504500e+05  1.60029649e-13
3.516500e+05  1.60489347e-13
3.528500e+05  1.60947790e-13
3.540500e+05  1.61404982e-13
3.552500e+05  1.61860928e-13
3.564500e+05  1.62315631e-13
3.576500e+05  1.62769096e-13
3.588500e+05  1.63221327e-13
3.600500e+05  1.63672328e-13
3.612500e+05  1.64122102e-13
3.624500e+05  1.64570654e-13
3.636500e+05  1.65017988e-13
3.648500e+05  1.65464108e-13
3.660500e+05  1.65909018e-13
3.672500e+05  1.66352721e-13
3.684500e+05  1.66795221e-13
3.696500e+05  1.67236524e-13
3.708500e+05  1.67676632e-13
3.720500e+05  1.68115549e-13
3.732500e+05  1.68553279e-13
3.744500e+05  1.68989827e-13
3.756500e+05  1.69425195e-13
3.768500e+05  1.69859388e-13
3.780500e+05  1.70292411e-13
3.792500e+05  1.70724265e-13
3.804500e+05  1.71154956e-13
3.816500e+05  1.71584487e-13
3.828500e+05  1.72012862e-13
3.840500e+05  1.72440085e-13
3.852500e+05  1.72866159e-13
3.864500e+05  1.73291088e-13
3.876500e+05  1.73714876e-13
3.888500e+05  1.74137527e-13
3.900500e+05  1.74559044e-13
3.912500e+05  1.74979431e-13
3.924500e+05  1.75398692e-13
3.936500e+05  1.75816831e-13
3.948500e+05  1.76233850e-13
3.960500e+05  1.76649754e-13
3.972500e+05  1.77064547e-13
3.984500e+05  1.77478231e-13
3.996500e+05  1.77890811e-13
4.008500e+05  1.78302291e-13
4.020500e+05  1.78712673e-13
4.032500e+05  1.79121961e-13
4.044500e+05  1.79530159e-13
4.056500e+05  1.79937271e-13
4.068500e+05  1.80343300e-13
4.080500e+05  1.80748249e-13
4.092500e+05  1.81152122e-13
4.104500e+05  1.81554923e-13
4.116500e+05  1.81956655e-13
4.128500e+05  1.82357321e-13
4.140500e+05  1.82756925e-13
4.152500e+05  1.83155471e-13
4.164500e+05  1.83552961e-13
4.176500e+05  1.83949400e-13
4.188500e+05  1.84344790e-13
4.200500e+05  1.84739136e-13
4.212500e+05  1.85132440e-13
4.224500e+05  1.85524705e-13
4.236500e+05  1.85915936e-13
4.248500e+05  1.86306136e-13
4.260500e+05  1.86695308e-13
4.272500e+05  1.87083454e-13
4.284500e+05  1.87470580e-13
4.296500e+05  1.87856687e-13
4.308500e+05  1.88241780e-13
4.320500e+05  1.88625861e-13
4.332500e+05  1.89008934e-13
4.344500e+05  1.89391001e-13
4.356500e+05  1.89772068e-13
4.368500e+05  1.90152135e-13
4.380500e+05  1.90531208e-13
4.392500e+05  1.90909288e-13
4.404500e+05  1.91286380e-13
4.416500e+05  1.91662486e-13
4.428500e+05  1.92037609e-13
4.440500e+05  1.92411754e-13
4.452500e+05  1.92784922e-13
4.464500e+05  1.93157117e-13
4.476500e+05  1.93528343e-13
4.488500e+05  1.93898602e-13
4.500500e+05  1.94267897e-13
4.512500e+05  1.94636232e-13
4.524500e+05  1.95003610e-13
4.536500e+05  1.95370033e-13
4.548500e+05  1.95735505e-13
4.560500e+05  1.96100029e-13
4.572500e+05  1.96463609e-13
4.584500e+05  1.96826246e-13
4.596500e+05  1.97187944e-13
4.608500e+05  1.97548706e-13
4.620500e+05  1.97908536e-13
4.632500e+05  1.98267435e-13
4.644500e+05  1.98625408e-13
4.656500e+05  1.98982456e-13
4.668500e+05  1.99338584e-13
4.680500e+05  1.99693794e-13
4.692500e+05  2.00048088e-13
4.704500e+05  2.00401471e-13
4.716500e+05  2.00753944e-13
4.728500e+05  2.01105511e-13
4.740500e+05  2.01456175e-13
4.752500e+05  2.01805938e-13
4.764500e+05  2.02154804e-13
4.776500e+05  2.02502775e-13
4.788500e+05  2.02849854e-13
4.800500e+05  2.03196044e-13
4.812500e+05  2.03541348e-13
4.824500e+05  2.03885769e-13
4.836500e+05  2.04229310e-13
4.848500e+05  2.04571973e-13
4.860500e+05  2.04913761e-13
4.872500e+05  2.05254677e-13
4.884500e+05  2.05594723e-13
4.896500e+05  2.05933904e-13
4.908500e+05  2.06272220e-13
4.920500e+05  2.06609676e-13
4.932500e+05  2.06946274e-13
4.944500e+05  2.07282016e-13
4.956500e+05  2.07616905e-13
4.968500e+05  2.07950945e-13
4.980500e+05  2.08284137e-13
4.992500e+05  2.08616485e-13
5.004500e+05  2.08947991e-13
5.016500e+05  2.09278657e-13
5.028500e+05  2.09608488e-13
5.040500e+05  2.09937484e-13
5.052500e+05  2.10265649e-13
5.064500e+05  2.10592986e-13
5.076500e+05  2.10919496e-13
5.088500e+05  2.11245184e-13
5.100500e+05  2.11570051e-13
5.112500e+05  2.11894099e-13
5.124500e+05  2.12217332e-13
5.136500e+05  2.12539753e-13
5.148500e+05  2.12861363e-13
5.160500e+05  2.13182165e-13
5.172500e+05  2.13502162e-13
5.184500e+05  2.13821357e-13
5.196500e+05  2.14139752e-13
5.208500e+05  2.14457349e-13
5.220500e+05  2.14774151e-13
5.232500e+05  2.15090160e-13
5.244500e+05  2.15405380e-13
5.256500e+05  2.15719812e-13
5.268500e+05  2.16033459e-13
5.280500e+05  2.16346324e-13
5.292500e+05  2.16658408e-13
5.304500e+05  2.16969715e-13
5.316500e+05  2.17280247e-13
5.328500e+05  2.17590006e-13
5.340500e+05  2.17898995e-13
5.352500e+05  2.18207216e-13
5.364500e+05  2.18514672e-13
5.376500e+05  2.18821365e-13
5.388500e+05  2.19127297e-13
5.400500e+05  2.19432472e-13
5.412500e+05  2.19736890e-13
5.424500e+05  2.20040555e-13
5.436500e+05  2.20343469e-13
5.448500e+05  2.20645634e-13
5.460500e+05  2.20947053e-13
5.472500e+05  2.21247728e-13
5.484500e+05  2.21547661e-13
5.496500e+05  2.21846855e-13
5.508500e+05  2.22145312e-13
5.520500e+05  2.22443034e-13
5.532500e+05  2.22740024e-13
5.544500e+05  2.23036284e-13
5.556500e+05  2.23331816e-13
5.568500e+05  2.23626622e-13
5.580500e+05  2.23920705e-13
5.592500e+05  2.24214067e-13
5.604500e+05  2.24506711e-13
5.616500e+05  2.24798638e-13
5.628500e+05  2.25089850e-13
5.640500e+05  2.25380351e-13
5.652500e+05  2.25670142e-13
5.664500e+05  2.25959225e-13
5.676500e+05  2.26247603e-13
5.688500e+05  2.26535277e-13
5.700500e+05  2.26822251e-13
5.712500e+05  2.27108525e-13
5.724500e+05  2.27394104e-13
5.736500e+05  2.27678987e-13
5.748500e+05  2.27963178e-13
5.760500e+05  2.28246680e-13
5.772500e+05  2.28529493e-13
5.784500e+05  2.28811620e-13
5.796500e+05  2.29093063e-13
5.808500e+05  2.29373825e-13
5.820500e+05  2.29653907e-13
5.832500e+05  2.29933312e-13
5.844500e+05  2.30212041e-13
5.856500e+05  2.30490098e-13
5.868500e+05  2.30767483e-13
5.880500e+05  2.31044199e-13
5.892500e+05  2.31320248e-13
5.904500e+05  2.31595631e-13
5.916500e+05  2.31870353e-13
5.928500e+05  2.32144413e-13
5.940500e+05  2.32417814e-13
5.952500e+05  2.32690559e-13
5.964500e+05  2.32962649e-13
5.976500e+05  2.33234086e-13
5.988500e+05  2.33504872e-13
6.000500e+05  2.33775009e-13
6.012500e+05  2.34044500e-13
6.024500e+05  2.34313346e-13
6.036500e+05  2.34581550e-13
6.048500e+05  2.34849112e-13
6.060500e+05  2.35116036e-13
6.072500e+05  2.35382323e-13
6.084500e+05  2.35647974e-13
6.096500e+05  2.35912993e-13
6.108500e+05  2.36177381e-13
6.120500e+05  2.36441140e-13
6.132500e+05  2.36704271e-13
6.144500e+05  2.36966778e-13
6.156500e+05  2.37228661e-13
6.168500e+05  2.37489922e-13
6.180500e+05  2.37750564e-13
6.192500e+05  2.38010588e-13
6.204500e+05  2.38269997e-13
6.216500e+05  2.38528791e-13
6.228500e+05  2.38786974e-13
6.240500e+05  2.39044546e-13
6.252500e+05  2.39301510e-13
6.264500e+05  2.39557867e-13
6.276500e+05  2.39813620e-13
6.288500e+05  2.40068770e-13
6.300500e+05  2.40323320e-13
6.312500e+05  2.40577270e-13
6.324500e+05  2.40830622e-13
6.336500e+05  2.41083380e-13
6.348500e+05  2.41335543e-13
6.360500e+05  2.41587115e-13
6.372500e+05  2.41838096e-13
6.384500e+05  2.42088489e-13
6.396500e+05  2.42338296e-13
6.408500e+05  2.42587518e-13
6.420500e+05  2.42836157e-13
6.432500e+05  2.43084214e-13
6.444500e+05  2.43331692e-13
6.456500e+05  2.43578593e-13
6.468500e+05  2.43824917e-13
6.480500e+05  2.44070667e-13
6.492500e+05  2.44315845e-13
6.504500e+05  2.44560451e-13
6.516500e+05  2.44804489e-13
6.528500e+05  2.45047959e-13
6.540500e+05  2.45290864e-13
6.552500e+05  2.45533204e-13
6.564500e+05  2.45774982e-13
6.576500e+05  2.46016200e-13
6.588500e+05  2.46256858e-13
6.600500e+05  2.46496960e-13
6.612500e+05  2.46736505e-13
6.624500e+05  2.46975497e-13
6.636500e+05  2.47213937e-13
6.648500e+05  2.47451826e-13
6.660500e+05  2.47689165e-13
6.672500e+05  2.47925958e-13
6.684500e+05  2.48162205e-13
6.696500e+05  2.48397907e-13
6.708500e+05  2.48633068e-13
6.720500e+05  2.48867687e-13
6.732500e+05  2.49101767e-13
6.744500e+05  2.49335310e-13
6.756500e+05  2.49568316e-13
6.768500e+05  2.49800788e-13
6.780500e+05  2.50032727e-13
6.792500e+05  2.50264135e-13
6.804500e+05  2.50495013e-13
6.816500e+05  2.50725363e-13
6.828500e+05  2.50955186e-13
6.840500e+05  2.51184484e-13
6.852500e+05  2.51413259e-13
6.864500e+05  2.51641512e-13
6.876500e+05  2.51869245e-13
6.888500e+05  2.52096458e-13
6.900500e+05  2.52323155e-13
6.912500e+05  2.52549335e-13
6.924500e+05  2.52775001e-13
6.936500e+05  2.53000155e-13
6.948500e+05  2.53224797e-13
6.960500e+05  2.53448929e-13
6.972500e+05  2.53672554e-13
6.984500e+05  2.53895671e-13
6.996500e+05  2.54118283e-13
7.008500e+05  2.54340392e-13
7.020500e+05  2.54561998e-13
7.032500e+05  2.54783103e-13
7.044500e+05  2.55003709e-13
7.056500e+05  2.55223817e-13
7.068500e+05  2.55443428e-13
7.080500e+05  2.55662544e-13
7.092500e+05  2.55881167e-13
7.104500e+05  2.56099298e-13
7.116500e+05  2.56316938e-13
7.128500e+05  2.56534089e-13
7.140500e+05  2.56750752e-13
7.152500e+05  2.56966928e-13
7.164500e+05  2.57182620e-13
7.176500e+05  2.57397828e-13
7.188500e+05  2.57612553e-13
7.200500e+05  2.57826798e-13
7.212500e+05  2.58040564e-13
7.224500e+05  2.58253852e-13
7.236500e+05  2.58466662e-13
7.248500e+05  2.58678998e-13
7.260500e+05  2.58890860e-13
7.272500e+05  2.59102249e-13
7.284500e+05  2.59313167e-13
7.296500e+05  2.59523616e-13
7.308500e+05  2.59733596e-13
7.320500e+05  2.59943109e-13
7.332500e+05  2.60152156e-13
7.344500e+05  2.60360739e-13
7.356500e+05  2.60568859e-13
7.368500e+05  2.60776517e-13
7.380500e+05  2.60983715e-13
7.392500e+05  2.61190454e-13
7.404500e+05  2.61396734e-13
7.416500e+05  2.61602559e-13
7.428500e+05  2.61807928e-13
7.440500e+05  2.62012844e-13
7.452500e+05  2.62217307e-13
7.464500e+05  2.62421319e-13
7.476500e+05  2.62624881e-13
7.488500e+05  2.62827994e-13
7.500500e+05  2.63030660e-13
7.512500e+05  2.63232880e-13
7.524500e+05  2.63434655e-13
7.536500e+05  2.63635987e-13
7.548500e+05  2.63836876e-13
7.560500e+05  2.64037324e-13
7.572500e+05  2.64237333e-13
7.584500e+05  2.64436903e-13
7.596500e+05  2.64636035e-13
7.608500e+05  2.64834732e-13
7.620500e+05  2.65032994e-13
7.632500e+05  2.65230822e-13
7.644500e+05  2.65428218e-13
7.656500e+05  2.65625183e-13
7.668500e+05  2.65821718e-13
7.680500e+05  2.66017824e-13
7.692500e+05  2.66213503e-13
7.704500e+05  2.66408755e-13
7.716500e+05  2.66603583e-13
7.728500e+05  2.66797986e-13
7.740500e+05  2.66991967e-13
7.752500e+05  2.67185527e-13
7.764500e+05  2.67378666e-13
7.776500e+05  2.67571386e-13
7.788500e+05  2.67763688e-13
7.800500e+05  2.67955574e-13
7.812500e+05  2.68147043e-13
7.824500e+05  2.68338099e-13
7.836500e+05  2.68528741e-13
7.848500e+05  2.68718971e-13
7.860500e+05  2.68908790e-13
7.872500e+05  2.69098199e-13
7.884500e+05  2.69287200e-13
7.896500e+05  2.69475793e-13
7.908500e+05  2.69663979e-13
7.920500e+05  2.69851761e-13
7.932500e+05  2.70039138e-13
7.944500e+05  2.70226112e-13
7.956500e+05  2.70412685e-13
7.968500e+05  2.70598856e-13
7.980500e+05  2.70784628e-13
7.992500e+05  2.70970002e-13
8.004500e+05  2.71154977e-13
8.016500e+05  2.71339557e-13
8.028500e+05  2.71523742e-13
8.040500e+05  2.71707532e-13
8.052500e+05  2.71890929e-13
8.064500e+05  2.72073934e-13
8.076500e+05  2.72256549e-13
8.088500e+05  2.72438773e-13
8.100500e+05  2.72620609e-13
8.112500e+05  2.72802057e-13
8.124500e+05  2.72983118e-13
8.136500e+05  2.73163794e-13
8.148500e+05  2.73344086e-13
8.160500e+05  2.73523994e-13
8.172500e+05  2.73703520e-13
8.184500e+05  2.73882664e-13
8.196500e+05  2.74061428e-13
8.208500e+05  2.74239813e-13
8.220500e+05  2.74417820e-13
8.232500e+05  2.74595449e-13
8.244500e+05  2.74772703e-13
8.256500e+05  2.74949581e-13
8.268500e+05  2.75126085e-13
8.280500e+05  2.75302216e-13
8.292500e+05  2.75477975e-13
8.304500e+05  2.75653363e-13
8.316500e+05  2.75828382e-13
8.328500e+05  2.76003031e-13
8.340500e+05  2.76177312e-13
8.352500e+05  2.76351225e-13
8.364500e+05  2.76524773e-13
8.376500e+05  2.76697956e-13
8.388500e+05  2.76870775e-13
8.400500e+05  2.77043231e-13
8.412500e+05  2.77215325e-13
8.424500e+05  2.77387057e-13
8.436500e+05  2.77558430e-13
8.448500e+05  2.77729443e-13
8.460500e+05  2.77900099e-13
8.472500e+05  2.78070396e-13
8.484500e+05  2.78240338e-13
8.496500e+05  2.78409925e-13
8.508500e+05  2.78579157e-13
8.520500e+05  2.78748035e-13
8.532500e+05  2.78916561e-13
8.544500e+05  2.79084736e-13
8.556500e+05  2.79252560e-13
8.568500e+05  2.79420035e-13
8.580500e+05  2.79587161e-13
8.592500e+05  2.79753939e-13
8.604500e+05  2.79920370e-13
8.616500e+05  2.80086455e-13
8.628500e+05  2.80252196e-13
8.640500e+05  2.80417592e-13
8.652500e+05  2.80582645e-13
8.664500e+05  2.80747356e-13
8.676500e+05  2.80911725e-13
8.688500e+05  2.81075754e-13
8.700500e+05  2.81239444e-13
8.712500e+05  2.81402795e-13
8.724500e+05  2.81565808e-13
8.736500e+05  2.81728485e-13
8.748500e+05  2.81890825e-13
8.760500e+05  2.82052831e-13
8.772500e+05  2.82214502e-13
8.784500e+05  2.82375840e-13
8.796500e+05  2.82536846e-13
8.808500e+05  2.82697520e-13
8.820500e+05  2.82857863e-13
8.832500e+05  2.83017877e-13
8.844500e+05  2.83177561e-13
8.856500e+05  2.83336918e-13
8.868500e+05  2.83495948e-13
8.880500e+05  2.83654651e-13
8.892500e+05  2.83813028e-13
8.904500e+05  2.83971081e-13
8.916500e+05  2.84128810e-13
8.928500e+05  2.84286217e-13
8.940500e+05  2.84443301e-13
8.952500e+05  2.84600064e-13
8.964500e+05  2.84756506e-13
8.976500e+05  2.84912629e-13
8.988500e+05  2.85068433e-13
9.000500e+05  2.85223920e-13
9.012500e+05  2.85379089e-13
9.024500e+05  2.85533942e-13
9.036500e+05  2.85688479e-13
9.048500e+05  2.85842702e-13
9.060500e+05  2.85996611e-13
9.072500e+05  2.86150207e-13
9.084500e+05  2.86303490e-13
9.096500e+05  2.86456463e-13
9.108500e+05  2.86609124e-13
9.120500e+05  2.86761476e-13
9.132500e+05  2.86913519e-13
9.144500e+05  2.87065254e-13
9.156500e+05  2.87216681e-13
9.168500e+05  2.87367802e-13
9.180500e+05  2.87518617e-13
9.192500e+05  2.87669127e-13
9.204500e+05  2.87819332e-13
9.216500e+05  2.87969234e-13
9.228500e+05  2.88118833e-13
9.240500e+05  2.88268131e-13
9.252500e+05  2.88417127e-13
9.264500e+05  2.88565823e-13
9.276500e+05  2.88714219e-13
9.288500e+05  2.88862316e-13
9.300500e+05  2.89010116e-13
9.312500e+05  2.89157618e-13
9.324500e+05  2.89304823e-13
9.336500e+05  2.89451732e-13
9.348500e+05  2.89598347e-13
9.360500e+05  2.89744667e-13
9.372500e+05  2.89890693e-13
9.384500e+05  2.90036427e-13
9.396500e+05  2.90181868e-13
9.408500e+05  2.90327018e-13
9.420500e+05  2.90471878e-13
9.432500e+05  2.90616447e-13
9.444500e+05  2.90760727e-13
9.456500e+05  2.90904719e-13
9.468500e+05  2.91048423e-13
9.480500e+05  2.91191840e-13
9.492500e+05  2.91334971e-13
9.504500e+05  2.91477817e-13
9.516500e+05  2.91620377e-13
9.528500e+05  2.91762653e-13
9.540500e+05  2.91904646e-13
9.552500e+05  2.92046356e-13
9.564500e+05  2.92187784e-13
9.576500e+05  2.92328931e-13
9.588500e+05  2.92469797e-13
9.600500e+05  2.92610384e-13
9.612500e+05  2.92750691e-13
9.624500e+05  2.92890719e-13
9.636500e+05  2.93030470e-13
9.648500e+05  2.93169944e-13
9.660500e+05  2.93309141e-13
9.672500e+05  2.93448062e-13
9.684500e+05  2.93586708e-13
9.696500e+05  2.93725080e-13
9.708500e+05  2.93863178e-13
9.720500e+05  2.94001003e-13
9.732500e+05  2.94138556e-13
9.744500e+05  2.94275837e-13
9.756500e+05  2.94412847e-13
9.768500e+05  2.94549586e-13
9.780500e+05  2.94686056e-13
9.792500e+05  2.94822257e-13
9.804500e+05  2.94958189e-13
9.816500e+05  2.95093854e-13
9.828500e+05  2.95229251e-13
9.840500e+05  2.95364383e-13
9.852500e+05  2.95499248e-13
9.864500e+05  2.95633848e-13
9.876500e+05  2.95768184e-13
9.888500e+05  2.95902256e-13
9.900500e+05  2.96036065e-13
9.912500e+05  2.96169611e-13
9.924500e+05  2.96302895e-13
9.936500e+05  2.96435918e-13
9.948500e+05  2.96568680e-13
9.960500e+05  2.96701183e-13
9.972500e+05  2.96833425e-13
9.984500e+05  2.96965410e-13
9.996500e+05  2.97097136e-13
1.000850e+06  2.97228604e-13
1.002050e+06  2.97359816e-13
1.003250e+06  2.97490771e-13
1.004450e+06  2.97621471e-13
1.005650e+06  2.97751915e-13
1.006850e+06  2.97882105e-13
1.008050e+06  2.98012042e-13
1.009250e+06  2.98141725e-13
1.010450e+06  2.98271155e-13
1.011650e+06  2.98400334e-13
1.012850e+06  2.98529261e-13
1.014050e+06  2.98657937e-13
1.015250e+06  2.98786363e-13
1.016450e+06  2.98914540e-13
1.017650e+06  2.99042467e-13
1.018850e+06  2.99170146e-13
1.020050e+06  2.99297578e-13
1.021250e+06  2.99424762e-13
1.022450e+06  2.99551699e-13
1.023650e+06  2.99678390e-13
1.024850e+06  2.99804836e-13
1.026050e+06  2.99931037e-13
1.027250e+06  3.00056994e-13
1.028450e+06  3.00182706e-13
1.029650e+06  3.00308176e-13
1.030850e+06  3.00433403e-13
1.032050e+06  3.00558388e-13
1.033250e+06  3.00683131e-13
1.034450e+06  3.00807634e-13
1.035650e+06  3.00931896e-13
1.036850e+06  3.01055919e-13
1.038050e+06  3.01179702e-13
1.039250e+06  3.01303247e-13
1.040450e+06  3.01426553e-13
1.041650e+06  3.01549622e-13
1.042850e+06  3.01672454e-13
1.044050e+06  3.01795050e-13
1.045250e+06  3.01917409e-13
1.046450e+06  3.02039534e-13
1.047650e+06  3.02161423e-13
1.048850e+06  3.02283079e-13
1.050050e+06  3.02404500e-13
1.051250e+06  3.02525689e-13
1.052450e+06  3.02646644e-13
1.053650e+06  3.02767368e-13
1.054850e+06  3.02887860e-13
1.056050e+06  3.03008122e-13
1.057250e+06  3.03128152e-13
1.058450e+06  3.03247953e-13
1.059650e+06  3.03367524e-13
1.060850e+06  3.03486867e-13
1.062050e+06  3.03605981e-13
1.063250e+06  3.03724867e-13
1.064450e+06  3.03843526e-13
1.065650e+06  3.03961958e-13
1.066850e+06  3.04080164e-13
1.068050e+06  3.04198144e-13
1.069250e+06  3.04315899e-13
1.070450e+06  3.04433429e-13
1.071650e+06  3.04550735e-13
1.072850e+06  3.04667817e-13
1.074050e+06  3.04784676e-13
1.075250e+06  3.04901312e-13
1.076450e+06  3.05017726e-13
1.077650e+06  3.05133918e-13
1.078850e+06  3.05249889e-13
1.080050e+06  3.05365639e-13
1.081250e+06  3.05481170e-13
1.082450e+06  3.05596480e-13
1.083650e+06  3.05711571e-13
1.084850e+06  3.05826444e-13
1.086050e+06  3.05941098e-13
1.087250e+06  3.06055535e-13
1.088450e+06  3.06169754e-13
1.089650e+06  3.06283757e-13
1.090850e+06  3.06397543e-13
1.092050e+06  3.06511113e-13
1.093250e+06  3.06624469e-13
1.094450e+06  3.06737609e-13
1.095650e+06  3.06850535e-13
1.096850e+06  3.06963247e-13
1.098050e+06  3.07075746e-13
1.099250e+06  3.07188032e-13
1.100450e+06  3.07300105e-13
1.101650e+06  3.07411966e-13
1.102850e+06  3.07523616e-13
1.104050e+06  3.07635055e-13
1.105250e+06  3.07746283e-13
1.106450e+06  3.07857302e-13
1.107650e+06  3.07968110e-13
1.108850e+06  3.08078709e-13
1.110050e+06  3.08189100e-13
1.111250e+06  3.08299282e-13
1.112450e+06  3.08409257e-13
1.113650e+06  3.08519024e-13
1.114850e+06  3.08628584e-13
1.116050e+06  3.08737938e-13
1.117250e+06  3.08847086e-13
1.118450e+06  3.08956028e-13
1.119650e+06  3.09064765e-13
1.120850e+06  3.09173297e-13
1.122050e+06  3.09281626e-13
1.123250e+06  3.09389750e-13
1.124450e+06  3.09497671e-13
1.125650e+06  3.09605390e-13
1.126850e+06  3.09712906e-13
1.128050e+06  3.09820219e-13
1.129250e+06  3.09927332e-13
1.130450e+06  3.10034243e-13
1.131650e+06  3.10140953e-13
1.132850e+06  3.10247464e-13
1.134050e+06  3.10353774e-13
1.135250e+06  3.10459885e-13
1.136450e+06  3.10565797e-13
1.137650e+06  3.10671510e-13
1.138850e+06  3.10777026e-13
1.140050e+06  3.10882343e-13
1.141250e+06  3.10987463e-13
1.142450e+06  3.11092387e-13
1.143650e+06  3.11197114e-13
1.144850e+06  3.11301645e-13
1.146050e+06  3.11405980e-13
1.147250e+06  3.11510121e-13
1.148450e+06  3.11614066e-13
1.149650e+06  3.11717817e-13
1.150850e+06  3.11821374e-13
1.152050e+06  3.11924738e-13
1.153250e+06  3.12027908e-13
1.154450e+06  3.12130886e-13
1.155650e+06  3.12233671e-13
1.156850e+06  3.12336265e-13
1.158050e+06  3.12438667e-13
1.159250e+06  3.12540878e-13
1.160450e+06  3.12642898e-13
1.161650e+06  3.12744728e-13
1.162850e+06  3.12846368e-13
1.164050e+06  3.12947819e-13
1.165250e+06  3.13049080e-13
1.166450e+06  3.13150153e-13
1.167650e+06  3.13251037e-13
1.168850e+06  3.13351734e-13
1.170050e+06  3.13452243e-13
1.171250e+06  3.13552564e-13
1.172450e+06  3.13652699e-13
1.173650e+06  3.13752648e-13
1.174850e+06  3.13852411e-13
1.176050e+06  3.13951988e-13
1.177250e+06  3.14051380e-13
1.178450e+06  3.14150587e-13
1.179650e+06  3.14249609e-13
1.180850e+06  3.14348448e-13
1.182050e+06  3.14447103e-13
1.183250e+06  3.14545574e-13
1.184450e+06  3.14643863e-13
1.185650e+06  3.14741969e-13
1.186850e+06  3.14839892e-13
1.188050e+06  3.14937634e-13
1.189250e+06  3.15035195e-13
1.190450e+06  3.15132574e-13
1.191650e+06  3.15229773e-13
1.192850e+06  3.15326791e-13
1.194050e+06  3.15423630e-13
1.195250e+06  3.15520289e-13
1.196450e+06  3.15616768e-13
1.197650e+06  3.15713069e-13
1.198850e+06  3.15809191e-13
